5.399499535560607910e-01
6.118432283401489258e-01
6.270225048065185547e-01
6.385321021080017090e-01
6.100083589553833008e-01
6.046705842018127441e-01
6.091743111610412598e-01
6.185154318809509277e-01
5.759800076484680176e-01
5.729774832725524902e-01
5.369474291801452637e-01
5.549624562263488770e-01
5.783152580261230469e-01
5.572977662086486816e-01
5.504587292671203613e-01
5.668056607246398926e-01
5.663052797317504883e-01
5.834862589836120605e-01
5.884904265403747559e-01
5.437864661216735840e-01
5.674728751182556152e-01
5.122601985931396484e-01
5.841534733772277832e-01
5.771476030349731445e-01
5.366138219833374023e-01
5.899916887283325195e-01
5.502918958663940430e-01
5.726438760757446289e-01
5.694745779037475586e-01
5.841534733772277832e-01
6.051709651947021484e-01
5.733110904693603516e-01
5.182652473449707031e-01
4.855712950229644775e-01
6.041701436042785645e-01
6.115095615386962891e-01
5.751459598541259766e-01
5.366138219833374023e-01
5.224353671073913574e-01
5.791493058204650879e-01
5.874895453453063965e-01
5.356130003929138184e-01
5.636363625526428223e-01
6.251876354217529297e-01
5.719766616821289062e-01
5.559632778167724609e-01
4.790658950805664062e-01
5.471225976943969727e-01
5.629691481590270996e-01
5.301084518432617188e-01
5.384486913681030273e-01
5.624687075614929199e-01
5.819849967956542969e-01
6.123436093330383301e-01
5.139282941818237305e-01
5.456213355064392090e-01
6.173477768898010254e-01
5.829858183860778809e-01
5.599666237831115723e-01
5.958298444747924805e-01
5.943285822868347168e-01
5.426188707351684570e-01
6.402001380920410156e-01
5.711426138877868652e-01
5.824853777885437012e-01
5.989991426467895508e-01
5.884904265403747559e-01
5.654712319374084473e-01
5.436196923255920410e-01
5.582985877990722656e-01
5.614678859710693359e-01
5.953294634819030762e-01
6.273561120033264160e-01
5.461217761039733887e-01
5.871559381484985352e-01
