7.974979281425476074e-01
6.485404372215270996e-01
6.950792074203491211e-01
6.653878092765808105e-01
6.977481245994567871e-01
6.715596318244934082e-01
7.286071777343750000e-01
7.185988426208496094e-01
6.905754804611206055e-01
7.169307470321655273e-01
7.020850777626037598e-01
7.229357957839965820e-01
7.080900669097900391e-01
7.324436902999877930e-01
6.655546426773071289e-01
7.201001048088073730e-01
6.503753066062927246e-01
6.492076516151428223e-01
6.777314543724060059e-01
6.798999309539794922e-01
6.572143435478210449e-01
7.347790002822875977e-01
7.132610678672790527e-01
7.331109046936035156e-01
7.749791741371154785e-01
7.252710461616516113e-01
7.374478578567504883e-01
7.002502083778381348e-01
7.396163344383239746e-01
7.327772974967956543e-01
7.379482984542846680e-01
7.718098163604736328e-01
7.561300992965698242e-01
7.701417803764343262e-01
7.251042723655700684e-01
7.244370579719543457e-01
7.582985758781433105e-01
7.170975804328918457e-01
7.708089947700500488e-01
7.866555452346801758e-01
7.055879831314086914e-01
6.895746588706970215e-01
7.701417803764343262e-01
7.242702245712280273e-01
7.387823462486267090e-01
7.734779119491577148e-01
8.141784667968750000e-01
8.028357028961181641e-01
7.261050939559936523e-01
7.853211164474487305e-01
7.447873353958129883e-01
7.284403443336486816e-01
7.919933199882507324e-01
7.341117858886718750e-01
7.833194136619567871e-01
7.749791741371154785e-01
7.674729228019714355e-01
7.437865138053894043e-01
7.321100831031799316e-01
7.713094353675842285e-01
7.819849848747253418e-01
7.948290109634399414e-01
7.361134290695190430e-01
7.567973136901855469e-01
7.586321830749511719e-01
7.778148651123046875e-01
7.669724822044372559e-01
7.427856326103210449e-01
7.132610678672790527e-01
7.808173298835754395e-01
7.754795551300048828e-01
7.786488533020019531e-01
7.968307137489318848e-01
7.774812579154968262e-01
8.030024766921997070e-01
