6.562135219573974609e-01
4.880734086036682129e-01
6.145120859146118164e-01
8.266888856887817383e-01
8.096747398376464844e-01
8.181818127632141113e-01
8.290241956710815430e-01
7.798165082931518555e-01
7.599666118621826172e-01
8.121768236160278320e-01
7.683069109916687012e-01
8.123435974121093750e-01
8.030024766921997070e-01
7.878232002258300781e-01
7.859883308410644531e-01
8.330275416374206543e-01
7.591326236724853516e-01
7.636363506317138672e-01
7.693077325820922852e-01
8.096747398376464844e-01
7.718098163604736328e-01
8.308590650558471680e-01
8.086739182472229004e-01
7.603002786636352539e-01
7.838198542594909668e-01
7.751459479331970215e-01
7.714762091636657715e-01
7.679733037948608398e-01
7.839866280555725098e-01
8.068390488624572754e-01
7.811509370803833008e-01
7.761467695236206055e-01
8.021684885025024414e-01
8.458715677261352539e-01
8.181818127632141113e-01
8.108423948287963867e-01
8.181818127632141113e-01
8.195162415504455566e-01
8.293578028678894043e-01
8.246872425079345703e-01
8.156797289848327637e-01
8.458715677261352539e-01
8.472059965133666992e-01
8.528773784637451172e-01
8.680567145347595215e-01
8.623853325843811035e-01
8.622184991836547852e-01
8.692243695259094238e-01
8.905754685401916504e-01
8.793994784355163574e-01
8.814011812210083008e-01
8.904086947441101074e-01
9.025855064392089844e-01
9.149290919303894043e-01
9.145954847335815430e-01
9.179316163063049316e-01
9.257714748382568359e-01
9.080900549888610840e-01
9.097581505775451660e-01
9.152626991271972656e-01
9.069224596023559570e-01
9.242702126502990723e-01
9.226021766662597656e-01
9.202668666839599609e-01
9.216013550758361816e-01
9.294412136077880859e-01
9.224353432655334473e-01
9.157631397247314453e-01
9.234362244606018066e-01
9.164303541183471680e-01
9.377815127372741699e-01
9.371142387390136719e-01
9.211009144783020020e-01
9.192660450935363770e-01
9.279399514198303223e-01
