7.531276345252990723e-01
7.087572813034057617e-01
8.181818127632141113e-01
9.119266271591186523e-01
8.924103379249572754e-01
9.005838036537170410e-01
9.099249243736267090e-01
8.760634064674377441e-01
9.257714748382568359e-01
9.241034388542175293e-01
9.145954847335815430e-01
9.170975685119628906e-01
9.246038198471069336e-01
9.311092495918273926e-01
9.254378676414489746e-01
9.349457621574401855e-01
9.352794289588928223e-01
9.399499297142028809e-01
9.347789883613586426e-01
9.516263604164123535e-01
9.524604082107543945e-01
9.567973017692565918e-01
9.529607892036437988e-01
9.564636945724487305e-01
9.481234550476074219e-01
9.511259198188781738e-01
9.464553594589233398e-01
9.482902288436889648e-01
9.416180253028869629e-01
9.459549784660339355e-01
9.603002667427062988e-01
9.596330523490905762e-01
9.547956585884094238e-01
9.547956585884094238e-01
9.537948369979858398e-01
9.608006477355957031e-01
9.512927532196044922e-01
9.587990045547485352e-01
9.623019099235534668e-01
9.616346955299377441e-01
9.628023505210876465e-01
9.572977423667907715e-01
9.542952179908752441e-01
9.496246576309204102e-01
9.603002667427062988e-01
9.551292657852172852e-01
9.644703865051269531e-01
9.649708271026611328e-01
9.574645757675170898e-01
9.492910504341125488e-01
9.621351361274719238e-01
9.634695649147033691e-01
9.616346955299377441e-01
9.594662189483642578e-01
9.631359577178955078e-01
9.489574432373046875e-01
9.668056964874267578e-01
9.631359577178955078e-01
9.654712080955505371e-01
9.603002667427062988e-01
9.654712080955505371e-01
9.529607892036437988e-01
9.658048152923583984e-01
9.649708271026611328e-01
9.638031721115112305e-01
9.582985639572143555e-01
9.596330523490905762e-01
9.552960991859436035e-01
9.664720892906188965e-01
9.628023505210876465e-01
9.678065180778503418e-01
9.691409468650817871e-01
9.613010883331298828e-01
9.719766378402709961e-01
9.666388630867004395e-01
