6.333333253860473633e-01
6.511784791946411133e-01
6.769696474075317383e-01
6.678788065910339355e-01
6.835690736770629883e-01
6.775757670402526855e-01
7.135353088378906250e-01
7.107070088386535645e-01
7.092929482460021973e-01
6.958249211311340332e-01
7.104377746582031250e-01
7.325925827026367188e-01
7.273401021957397461e-01
7.416161298751831055e-01
7.177104353904724121e-01
7.182492017745971680e-01
7.065993547439575195e-01
7.418854832649230957e-01
7.457238435745239258e-01
7.149494886398315430e-01
7.145453691482543945e-01
7.369696497917175293e-01
7.209427952766418457e-01
7.440404295921325684e-01
7.338047027587890625e-01
7.374411225318908691e-01
7.537373900413513184e-01
7.549495100975036621e-01
7.410100698471069336e-01
7.346800565719604492e-01
7.534006834030151367e-01
7.531986832618713379e-01
7.432323694229125977e-01
7.591245770454406738e-01
7.573736906051635742e-01
7.684848308563232422e-01
7.670706510543823242e-01
7.632997035980224609e-01
7.583164572715759277e-01
7.628282904624938965e-01
7.618181109428405762e-01
7.593265771865844727e-01
7.851851582527160645e-01
7.693603634834289551e-01
7.453872561454772949e-01
7.679460644721984863e-01
7.618181705474853516e-01
7.738046646118164062e-01
7.527272701263427734e-01
7.740067243576049805e-01
7.853871583938598633e-01
7.682154774665832520e-01
7.662626504898071289e-01
7.741414308547973633e-01
7.721212506294250488e-01
7.690235972404479980e-01
7.781144380569458008e-01
7.908417582511901855e-01
7.691582441329956055e-01
7.807407379150390625e-01
7.863972783088684082e-01
7.894275784492492676e-01
7.985184788703918457e-01
8.040404319763183594e-01
7.870707511901855469e-01
7.849831581115722656e-01
8.079460859298706055e-01
7.931986451148986816e-01
7.940741181373596191e-01
7.975757718086242676e-01
8.085521459579467773e-01
8.138047456741333008e-01
7.942087650299072266e-01
7.971043586730957031e-01
8.174411058425903320e-01
8.188551664352416992e-01
8.071381449699401855e-01
8.134679794311523438e-01
8.129293322563171387e-01
8.043771982192993164e-01
8.077441453933715820e-01
8.157575726509094238e-01
8.150841593742370605e-01
8.231649398803710938e-01
7.958248853683471680e-01
8.115825653076171875e-01
8.180472254753112793e-01
8.160268664360046387e-01
8.199326395988464355e-01
8.238383531570434570e-01
8.244444727897644043e-01
8.246464729309082031e-01
8.195285797119140625e-01
8.367676734924316406e-01
8.068687319755554199e-01
8.266665339469909668e-01
8.234343528747558594e-01
8.195285797119140625e-01
8.283502459526062012e-01
8.340740203857421875e-01
8.257238268852233887e-01
8.350168466567993164e-01
8.342087864875793457e-01
8.396633267402648926e-01
8.302356600761413574e-01
8.453872799873352051e-01
8.344107866287231445e-01
8.269360661506652832e-01
8.277441263198852539e-01
8.310438394546508789e-01
8.247137069702148438e-01
8.383838534355163574e-01
8.257912397384643555e-01
8.360942602157592773e-01
8.393265604972839355e-01
8.441077470779418945e-01
8.388551473617553711e-01
8.523232340812683105e-01
8.371717333793640137e-01
8.493601679801940918e-01
8.418854475021362305e-01
8.544780611991882324e-01
8.428956270217895508e-01
8.391245007514953613e-01
8.461278676986694336e-01
8.445116877555847168e-01
8.420202136039733887e-01
8.436363935470581055e-01
8.411447405815124512e-01
8.496297001838684082e-01
8.420202136039733887e-01
8.407407999038696289e-01
8.505050539970397949e-01
8.488889932632446289e-01
8.626936078071594238e-01
8.496297001838684082e-01
8.525253534317016602e-01
8.536700010299682617e-01
8.640403747558593750e-01
8.707744479179382324e-01
8.456565737724304199e-01
8.530639410018920898e-01
8.623569607734680176e-01
8.680135011672973633e-01
8.542760610580444336e-01
8.371717333793640137e-01
8.635689616203308105e-01
8.551514744758605957e-01
8.589898943901062012e-01
8.527272343635559082e-01
8.510437011718750000e-01
8.758249282836914062e-01
8.663299679756164551e-01
8.736699819564819336e-01
8.505050539970397949e-01
8.548148274421691895e-01
8.646465539932250977e-01
8.725925683975219727e-01
8.507070541381835938e-01
8.674747347831726074e-01
8.459258079528808594e-01
8.586532473564147949e-01
8.597306013107299805e-01
8.592592477798461914e-01
8.607407808303833008e-01
8.618181347846984863e-01
8.560269474983215332e-01
8.711110949516296387e-01
8.620201945304870605e-01
8.632323145866394043e-01
8.694275617599487305e-01
8.669360280036926270e-01
8.605386614799499512e-01
8.591920137405395508e-01
8.541414141654968262e-01
8.509764671325683594e-01
8.761616945266723633e-01
8.575083613395690918e-01
8.637710809707641602e-01
8.709090352058410645e-01
8.540741205215454102e-01
8.500336408615112305e-01
8.612121343612670898e-01
8.637710809707641602e-01
8.684175610542297363e-01
8.742760419845581055e-01
8.727272748947143555e-01
8.659259080886840820e-01
8.769024014472961426e-01
8.848484754562377930e-01
8.618855476379394531e-01
8.676093816757202148e-01
8.661279678344726562e-01
8.795286417007446289e-01
8.617507815361022949e-01
8.626262545585632324e-01
8.693602681159973145e-01
8.722559213638305664e-01
8.683502078056335449e-01
8.724578022956848145e-01
8.815487623214721680e-01
8.745453953742980957e-01
8.692255020141601562e-01
8.786532282829284668e-01
8.804714083671569824e-01
8.787878155708312988e-01
8.843771219253540039e-01
8.828283548355102539e-01
8.750168085098266602e-01
8.653872609138488770e-01
8.788551092147827148e-01
8.718518018722534180e-01
8.753535151481628418e-01
8.802019953727722168e-01
8.557575345039367676e-01
8.781145215034484863e-01
8.658585548400878906e-01
8.828283548355102539e-01
8.707071542739868164e-01
8.813468217849731445e-01
8.798652887344360352e-01
8.795960545539855957e-01
8.713805079460144043e-01
8.783165216445922852e-01
8.784511685371398926e-01
8.876768350601196289e-01
8.749494552612304688e-01
8.779797554016113281e-01
8.884848356246948242e-01
8.752188682556152344e-01
8.827608823776245117e-01
8.915824890136718750e-01
8.920539021492004395e-01
8.718519210815429688e-01
8.833669424057006836e-01
8.695622682571411133e-01
8.921885490417480469e-01
8.858586549758911133e-01
8.832996487617492676e-01
8.775757551193237305e-01
8.814814686775207520e-01
8.800673484802246094e-01
8.800672292709350586e-01
8.893603086471557617e-01
8.643097877502441406e-01
8.896295428276062012e-01
8.773064613342285156e-01
8.920539021492004395e-01
8.817507624626159668e-01
8.809427022933959961e-01
8.903703689575195312e-01
8.757575750350952148e-01
8.766329884529113770e-01
8.649832010269165039e-01
8.897644281387329102e-01
8.906397819519042969e-01
8.773736953735351562e-01
8.751515150070190430e-01
8.785185813903808594e-01
8.939393758773803711e-01
8.889562487602233887e-01
8.967676162719726562e-01
8.924578428268432617e-01
8.946126699447631836e-01
8.901010751724243164e-01
8.824915885925292969e-01
8.896295428276062012e-01
8.858585357666015625e-01
8.901683092117309570e-01
8.820875883102416992e-01
8.793939352035522461e-01
8.855218887329101562e-01
8.800673484802246094e-01
8.692256212234497070e-01
8.866666555404663086e-01
8.833670616149902344e-01
8.926599621772766113e-01
8.893602490425109863e-01
8.751515150070190430e-01
8.865320086479187012e-01
8.839057087898254395e-01
9.022221565246582031e-01
8.873400688171386719e-01
8.885521888732910156e-01
8.814815282821655273e-01
8.888889551162719727e-01
8.963637351989746094e-01
8.874074220657348633e-01
8.876093626022338867e-01
8.866666555404663086e-01
8.940740823745727539e-01
9.072052836418151855e-01
8.902357220649719238e-01
8.962963223457336426e-01
8.904377222061157227e-01
8.790572285652160645e-01
8.815487623214721680e-01
8.972390890121459961e-01
8.901009559631347656e-01
9.021549224853515625e-01
8.884848356246948242e-01
8.922559022903442383e-01
8.812794685363769531e-01
8.896295428276062012e-01
8.923905491828918457e-01
8.855218887329101562e-01
8.946126699447631836e-01
8.997980356216430664e-01
8.847138285636901855e-01
8.977104425430297852e-01
8.985186815261840820e-01
8.946127891540527344e-01
8.932659029960632324e-01
8.986532092094421387e-01
8.983165025711059570e-01
9.016834497451782227e-01
8.930639028549194336e-01
9.019528627395629883e-01
8.927946090698242188e-01
8.886195421218872070e-01
8.888216018676757812e-01
9.002019762992858887e-01
8.923231959342956543e-01
8.925253152847290039e-01
8.974410891532897949e-01
8.927946090698242188e-01
8.954208493232727051e-01
8.956902623176574707e-01
9.051178693771362305e-01
8.950168490409851074e-01
9.002693891525268555e-01
8.826262354850769043e-01
8.973064422607421875e-01
8.838383555412292480e-01
8.853198885917663574e-01
9.004713892936706543e-01
8.949493169784545898e-01
8.920539021492004395e-01
8.964309692382812500e-01
8.979123830795288086e-01
8.886868357658386230e-01
9.034343957901000977e-01
8.952187299728393555e-01
9.028955698013305664e-01
9.067339897155761719e-01
9.028955698013305664e-01
9.053198099136352539e-01
9.099663496017456055e-01
9.049831628799438477e-01
8.939393758773803711e-01
8.901010751724243164e-01
8.973064422607421875e-01
8.977104425430297852e-01
8.938720822334289551e-01
9.011448025703430176e-01
9.004040956497192383e-01
8.977104425430297852e-01
9.065994024276733398e-01
8.909764289855957031e-01
8.989225625991821289e-01
9.051851034164428711e-01
9.005388021469116211e-01
8.996633291244506836e-01
8.964983820915222168e-01
8.988552093505859375e-01
9.054545164108276367e-01
9.049158096313476562e-01
9.002019762992858887e-01
9.028283357620239258e-01
9.072054028511047363e-01
9.041078686714172363e-01
9.025589227676391602e-01
8.991246223449707031e-01
9.047811627388000488e-01
9.034343957901000977e-01
8.996633291244506836e-01
9.028956294059753418e-01
9.079462289810180664e-01
9.091582298278808594e-01
9.004713892936706543e-01
8.991247415542602539e-01
8.964309692382812500e-01
9.089561700820922852e-01
8.958249092102050781e-01
8.969696760177612305e-01
9.007408022880554199e-01
9.050503969192504883e-01
8.890236020088195801e-01
9.099662899971008301e-01
8.964983224868774414e-01
8.991245031356811523e-01
9.088889360427856445e-01
9.049831628799438477e-01
9.038384556770324707e-01
8.930639028549194336e-01
8.996633291244506836e-01
9.059259295463562012e-01
9.070032835006713867e-01
9.080807566642761230e-01
9.012794494628906250e-01
9.032996892929077148e-01
9.068014025688171387e-01
9.139394760131835938e-01
9.045790433883666992e-01
8.994613885879516602e-01
9.146127700805664062e-01
9.057239294052124023e-01
8.981145024299621582e-01
9.056566357612609863e-01
9.034343957901000977e-01
9.007407426834106445e-01
8.969696760177612305e-01
9.142087101936340332e-01
8.967002630233764648e-01
9.028956294059753418e-01
8.987205624580383301e-01
9.076768159866333008e-01
9.082828760147094727e-01
9.044445157051086426e-01
9.014814496040344238e-01
9.038383364677429199e-01
9.092254638671875000e-01
9.047810435295104980e-01
9.169023633003234863e-01
9.113131761550903320e-01
9.090235829353332520e-01
9.046465158462524414e-01
9.023569226264953613e-01
9.086869359016418457e-01
9.094949960708618164e-01
9.208081364631652832e-01
9.108417630195617676e-01
9.092928767204284668e-01
9.068686366081237793e-01
9.059932827949523926e-01
9.043098688125610352e-01
9.032995104789733887e-01
9.006733894348144531e-01
9.053872227668762207e-01
9.107071161270141602e-01
9.047137498855590820e-01
9.013468027114868164e-01
8.952188491821289062e-01
8.969696760177612305e-01
9.030976295471191406e-01
9.081481695175170898e-01
9.119865298271179199e-01
9.037711024284362793e-01
9.131313562393188477e-01
9.054545164108276367e-01
9.020875692367553711e-01
9.109765291213989258e-01
9.140741229057312012e-01
9.187205433845520020e-01
9.153534770011901855e-01
9.005387425422668457e-01
9.047138094902038574e-01
9.094949960708618164e-01
8.968349695205688477e-01
9.196632504463195801e-01
9.093602895736694336e-01
9.191244840621948242e-01
9.022221565246582031e-01
9.094275236129760742e-01
9.176430702209472656e-01
9.143434762954711914e-01
9.080135226249694824e-01
9.168350100517272949e-01
9.128619432449340820e-01
9.002693295478820801e-01
9.175084233283996582e-01
9.060605764389038086e-01
9.023569226264953613e-01
9.103703498840332031e-01
9.116498231887817383e-01
9.094949960708618164e-01
9.098317027091979980e-01
9.241751432418823242e-01
9.169697761535644531e-01
9.047811627388000488e-01
9.108417630195617676e-01
9.080808758735656738e-01
9.162290692329406738e-01
9.018855094909667969e-01
9.167003631591796875e-01
9.173737764358520508e-01
9.090908765792846680e-01
9.218181371688842773e-01
9.008754491806030273e-01
9.117171168327331543e-01
9.164309501647949219e-01
9.123905897140502930e-01
9.134680032730102539e-01
9.074746966361999512e-01
9.037036895751953125e-01
9.125927090644836426e-01
9.100337028503417969e-01
9.275420904159545898e-01
9.151514768600463867e-01
9.047138094902038574e-01
9.072054028511047363e-01
9.108417630195617676e-01
9.105051159858703613e-01
9.204040765762329102e-01
9.213467836380004883e-01
9.122558832168579102e-01
9.166330099105834961e-01
9.102357029914855957e-01
9.094276428222656250e-01
9.063299894332885742e-01
9.108417630195617676e-01
9.049831628799438477e-01
9.090908765792846680e-01
9.153535962104797363e-01
9.152862429618835449e-01
9.129966497421264648e-01
9.156228899955749512e-01
9.173063039779663086e-01
9.063299298286437988e-01
9.010774493217468262e-01
9.206733703613281250e-01
9.200673103332519531e-01
9.217508435249328613e-01
9.181817770004272461e-01
9.213467836380004883e-01
9.228956103324890137e-01
9.106397628784179688e-01
9.169023633003234863e-01
9.196632504463195801e-01
9.235016703605651855e-01
9.207407236099243164e-01
9.090235829353332520e-01
9.070707559585571289e-01
9.214140772819519043e-01
9.030976295471191406e-01
9.124578237533569336e-01
9.196633100509643555e-01
9.164983034133911133e-01
9.185185432434082031e-01
9.053872227668762207e-01
9.164983630180358887e-01
9.115824699401855469e-01
9.171716570854187012e-01
9.228956103324890137e-01
9.160943031311035156e-01
9.185184240341186523e-01
9.179124832153320312e-01
9.107071161270141602e-01
9.150842428207397461e-01
9.093602895736694336e-01
9.125925898551940918e-01
9.274746775627136230e-01
9.040404558181762695e-01
9.203367233276367188e-01
9.197306632995605469e-01
9.144107699394226074e-01
9.219529032707214355e-01
9.168350100517272949e-01
9.078114628791809082e-01
9.254544973373413086e-01
9.170370101928710938e-01
9.188553094863891602e-01
9.216834902763366699e-01
9.127272367477416992e-01
9.237036705017089844e-01
9.183164834976196289e-01
9.237710833549499512e-01
9.224243164062500000e-01
9.203367233276367188e-01
9.218854904174804688e-01
9.164983630180358887e-01
9.195958971977233887e-01
9.228956103324890137e-01
9.103704690933227539e-01
9.165657162666320801e-01
9.160269498825073242e-01
9.161616563796997070e-01
9.117172360420227051e-01
9.181818962097167969e-01
9.104377031326293945e-01
9.216161966323852539e-01
9.192592501640319824e-01
9.229629635810852051e-01
9.134680628776550293e-01
9.099663496017456055e-01
9.245791435241699219e-01
9.199327230453491211e-01
9.142087697982788086e-01
9.249157905578613281e-01
9.167003631591796875e-01
9.158922433853149414e-01
9.212121963500976562e-01
9.228283166885375977e-01
9.173063039779663086e-01
9.206061363220214844e-01
9.220875501632690430e-01
9.206060171127319336e-01
9.282828569412231445e-01
9.134680628776550293e-01
9.126600027084350586e-01
9.182491302490234375e-01
9.008080363273620605e-01
9.127945899963378906e-01
9.203366041183471680e-01
9.212120771408081055e-01
9.103704690933227539e-01
9.229629635810852051e-01
9.253198504447937012e-01
9.222895503044128418e-01
9.173736572265625000e-01
9.163635969161987305e-01
9.185184240341186523e-01
9.123905301094055176e-01
9.177104830741882324e-01
9.132660031318664551e-01
9.261953234672546387e-01
9.049831628799438477e-01
9.294949769973754883e-01
9.172390103340148926e-01
9.230976104736328125e-01
9.208080172538757324e-01
9.243770837783813477e-01
9.153534770011901855e-01
9.173064231872558594e-01
9.192592501640319824e-01
9.268013834953308105e-01
9.258586168289184570e-01
9.276767969131469727e-01
9.190572500228881836e-01
9.142087697982788086e-01
9.183837771415710449e-01
9.208080172538757324e-01
9.218856096267700195e-01
9.254546165466308594e-01
9.245117902755737305e-01
9.264646768569946289e-01
9.213467836380004883e-01
9.327274560928344727e-01
9.153535962104797363e-01
9.131986498832702637e-01
9.265319108963012695e-01
9.143433570861816406e-01
9.272053837776184082e-01
9.007406234741210938e-01
9.079461097717285156e-01
9.216834902763366699e-01
9.105051159858703613e-01
9.085522890090942383e-01
9.158250093460083008e-01
9.158248901367187500e-01
9.179798364639282227e-01
9.218181371688842773e-01
9.121885299682617188e-01
9.257239103317260742e-01
9.164309501647949219e-01
9.241750836372375488e-01
9.216834902763366699e-01
9.173736572265625000e-01
9.095622897148132324e-01
9.184511303901672363e-01
9.197305440902709961e-01
9.201346635818481445e-01
9.280135035514831543e-01
9.214141964912414551e-01
9.182492494583129883e-01
9.197980165481567383e-01
9.294949769973754883e-01
9.230977296829223633e-01
9.246464967727661133e-01
9.287542104721069336e-01
9.191246032714843750e-01
9.101010560989379883e-01
9.278787374496459961e-01
9.243770837783813477e-01
9.257912635803222656e-01
9.227609634399414062e-01
9.253197908401489258e-01
9.239056706428527832e-01
9.167677164077758789e-01
9.264646768569946289e-01
9.169023633003234863e-01
9.222895503044128418e-01
9.201347231864929199e-01
9.122558832168579102e-01
9.270707368850708008e-01
9.294948577880859375e-01
9.220202565193176270e-01
9.172390699386596680e-01
9.263299107551574707e-01
9.257239103317260742e-01
9.240404367446899414e-01
9.189898371696472168e-01
9.151514172554016113e-01
9.166330099105834961e-01
9.159595370292663574e-01
9.079461097717285156e-01
9.145454168319702148e-01
9.237710237503051758e-01
9.167677164077758789e-01
9.192593693733215332e-01
9.259259104728698730e-01
9.120538830757141113e-01
9.220202565193176270e-01
9.282155036926269531e-01
9.232322573661804199e-01
9.369696378707885742e-01
9.216836094856262207e-01
9.211448431015014648e-01
9.261951446533203125e-01
9.178451299667358398e-01
9.127945899963378906e-01
9.206060171127319336e-01
9.243096113204956055e-01
9.276768565177917480e-01
9.243098497390747070e-01
9.283501505851745605e-01
9.268013238906860352e-01
9.228957295417785645e-01
9.148821830749511719e-01
9.162289500236511230e-01
9.213467836380004883e-01
9.185857772827148438e-01
9.235690832138061523e-01
9.236363172531127930e-01
9.220201373100280762e-01
9.222222566604614258e-01
9.221549034118652344e-01
9.312458038330078125e-01
9.226263165473937988e-01
9.292256236076354980e-01
9.359596371650695801e-01
9.280808568000793457e-01
9.120537638664245605e-01
9.269360303878784180e-01
9.145454168319702148e-01
9.253198504447937012e-01
9.276767969131469727e-01
9.172390699386596680e-01
9.292256236076354980e-01
9.195960164070129395e-01
9.321886301040649414e-01
9.193940162658691406e-01
9.253198504447937012e-01
9.257239103317260742e-01
9.218181371688842773e-01
9.311110377311706543e-01
9.280808568000793457e-01
9.324579238891601562e-01
9.274073839187622070e-01
9.209427833557128906e-01
9.317844510078430176e-01
9.250505566596984863e-01
9.284175038337707520e-01
9.288889169692993164e-01
9.265993237495422363e-01
9.208753705024719238e-01
9.211447834968566895e-01
9.314478635787963867e-01
9.261279106140136719e-01
9.211446642875671387e-01
9.270033836364746094e-01
9.251850843429565430e-01
9.303029775619506836e-01
9.234342575073242188e-01
9.287542104721069336e-01
9.259259104728698730e-01
9.177777171134948730e-01
9.281481504440307617e-01
9.327946901321411133e-01
9.371044039726257324e-01
9.346127510070800781e-01
9.309091567993164062e-01
9.293602108955383301e-01
9.319192171096801758e-01
9.278787374496459961e-01
9.253199696540832520e-01
9.289562106132507324e-01
9.292928576469421387e-01
9.288215637207031250e-01
9.283501505851745605e-01
9.251178503036499023e-01
9.300336837768554688e-01
9.228283166885375977e-01
9.259933233261108398e-01
9.307070970535278320e-01
9.218854904174804688e-01
9.276767969131469727e-01
9.272726774215698242e-01
9.191246032714843750e-01
9.320538640022277832e-01
9.243771433830261230e-01
9.298990368843078613e-01
9.303704500198364258e-01
9.225589632987976074e-01
9.301683306694030762e-01
9.367003440856933594e-01
9.336700439453125000e-01
9.347475171089172363e-01
9.240404367446899414e-01
9.284175634384155273e-01
9.334680438041687012e-01
9.330639839172363281e-01
9.240404367446899414e-01
9.237710833549499512e-01
9.201345443725585938e-01
9.282155036926269531e-01
9.369696378707885742e-01
9.274073839187622070e-01
9.261953234672546387e-01
9.331986308097839355e-01
9.286867976188659668e-01
9.346128702163696289e-01
9.334007501602172852e-01
9.184511899948120117e-01
9.354208707809448242e-01
9.263299107551574707e-01
9.282829165458679199e-01
9.321885108947753906e-01
9.261952638626098633e-01
9.245117902755737305e-01
9.269360303878784180e-01
9.313131570816040039e-01
9.216834902763366699e-01
9.197980165481567383e-01
9.321212768554687500e-01
9.291583299636840820e-01
9.317844510078430176e-01
9.278787374496459961e-01
9.282155036926269531e-01
9.336700439453125000e-01
9.274746775627136230e-01
9.242423772811889648e-01
9.241077303886413574e-01
9.238384366035461426e-01
9.199327230453491211e-01
9.341413378715515137e-01
9.274746775627136230e-01
9.226261973381042480e-01
9.307743906974792480e-01
9.351514577865600586e-01
9.241750836372375488e-01
9.369023442268371582e-01
9.252525568008422852e-01
9.360942840576171875e-01
9.240404367446899414e-01
9.317844510078430176e-01
9.301010370254516602e-01
9.245791435241699219e-01
9.414814114570617676e-01
9.236363172531127930e-01
9.248484373092651367e-01
9.408754110336303711e-01
9.278788566589355469e-01
9.242423772811889648e-01
9.360942840576171875e-01
9.255218505859375000e-01
9.347475171089172363e-01
9.296296834945678711e-01
9.279460906982421875e-01
9.272727966308593750e-01
9.342086911201477051e-01
9.319192171096801758e-01
9.338046908378601074e-01
9.325252771377563477e-01
9.337373971939086914e-01
9.210774302482604980e-01
9.334680438041687012e-01
9.275420308113098145e-01
9.211447834968566895e-01
9.303703308105468750e-01
9.355555772781372070e-01
9.232323765754699707e-01
9.302356839179992676e-01
9.227609634399414062e-01
9.247137904167175293e-01
9.302356839179992676e-01
9.319866299629211426e-01
9.292255640029907227e-01
9.284847974777221680e-01
9.338721036911010742e-01
9.306397438049316406e-01
9.267339706420898438e-01
9.329965710639953613e-01
9.292255640029907227e-01
9.352862238883972168e-01
9.191244840621948242e-01
9.350168108940124512e-01
9.286195039749145508e-01
9.353535771369934082e-01
9.296296238899230957e-01
9.213467836380004883e-01
9.230976104736328125e-01
9.280134439468383789e-01
9.214814901351928711e-01
9.315824508666992188e-01
9.370371103286743164e-01
9.385858774185180664e-01
9.320538640022277832e-01
9.352861642837524414e-01
9.317844510078430176e-01
9.338046908378601074e-01
9.373737573623657227e-01
9.340740442276000977e-01
9.312458038330078125e-01
9.307070970535278320e-01
9.412795305252075195e-01
9.333332777023315430e-01
9.369697570800781250e-01
9.327945709228515625e-01
9.359595179557800293e-01
9.369696378707885742e-01
9.351514577865600586e-01
9.408079981803894043e-01
9.252525568008422852e-01
9.254544973373413086e-01
9.311111569404602051e-01
9.350169301033020020e-01
9.422222375869750977e-01
9.273400306701660156e-01
9.404039382934570312e-01
9.263972043991088867e-01
9.313804507255554199e-01
9.389899373054504395e-01
9.261280298233032227e-01
9.363635778427124023e-01
9.350841641426086426e-01
9.276094436645507812e-01
9.355554580688476562e-01
9.280808568000793457e-01
9.379798173904418945e-01
9.331313371658325195e-01
9.327272176742553711e-01
9.338048100471496582e-01
9.383838772773742676e-01
9.322559237480163574e-01
9.436362981796264648e-01
9.338046908378601074e-01
9.280807375907897949e-01
9.276767969131469727e-01
9.311784505844116211e-01
9.260605573654174805e-01
9.356229901313781738e-01
9.356228709220886230e-01
9.313131570816040039e-01
9.397979974746704102e-01
9.311784505844116211e-01
9.328619837760925293e-01
9.325253367424011230e-01
9.338720440864562988e-01
9.342759847640991211e-01
9.239057302474975586e-01
9.391247034072875977e-01
9.305050969123840332e-01
9.375758171081542969e-01
9.298989176750183105e-01
9.344781041145324707e-01
9.290908575057983398e-01
9.313804507255554199e-01
9.284847974777221680e-01
9.269360303878784180e-01
9.383837580680847168e-01
9.379123449325561523e-01
9.389899373054504395e-01
9.356228709220886230e-01
9.389225840568542480e-01
9.330638647079467773e-01
9.375084042549133301e-01
9.364983439445495605e-01
9.393939971923828125e-01
9.381144642829895020e-01
9.319192171096801758e-01
9.415488243103027344e-01
9.354208707809448242e-01
9.333333969116210938e-01
9.344107508659362793e-01
9.371044039726257324e-01
9.399327039718627930e-01
9.251178503036499023e-01
9.314478039741516113e-01
9.422222375869750977e-01
9.255218505859375000e-01
9.342759847640991211e-01
9.375084042549133301e-01
9.376431703567504883e-01
9.292929768562316895e-01
9.325252771377563477e-01
9.377778172492980957e-01
9.328619241714477539e-01
9.370371103286743164e-01
9.397306442260742188e-01
9.412120580673217773e-01
9.329292178153991699e-01
9.362289309501647949e-01
9.362962841987609863e-01
9.381144642829895020e-01
9.363635778427124023e-01
9.378451108932495117e-01
9.354208707809448242e-01
9.374410510063171387e-01
9.430303573608398438e-01
