5.731443166732788086e-01
6.768974065780639648e-01
7.004170417785644531e-01
6.558799147605895996e-01
7.646371722221374512e-01
8.010008335113525391e-01
8.690575361251831055e-01
8.670558929443359375e-01
8.448707461357116699e-01
8.311926722526550293e-01
8.405337929725646973e-01
8.296914100646972656e-01
7.871559858322143555e-01
8.276897668838500977e-01
7.591326236724853516e-01
7.457881569862365723e-01
7.614678740501403809e-01
7.586321830749511719e-01
7.614678740501403809e-01
7.949958443641662598e-01
7.526271939277648926e-01
7.467889785766601562e-01
7.401167750358581543e-01
7.749791741371154785e-01
7.653044462203979492e-01
7.406171560287475586e-01
7.828190326690673828e-01
7.189324498176574707e-01
7.139282822608947754e-01
7.424520254135131836e-01
7.401167750358581543e-01
7.277731299400329590e-01
7.929941415786743164e-01
7.085905075073242188e-01
7.231025695800781250e-01
7.354462146759033203e-01
7.739782929420471191e-01
7.576313614845275879e-01
6.950792074203491211e-01
7.581318020820617676e-01
7.417848110198974609e-01
7.998331785202026367e-01
8.286905884742736816e-01
8.443703055381774902e-01
8.605504631996154785e-01
8.812343478202819824e-01
8.538782596588134766e-01
8.667222857475280762e-01
8.840700387954711914e-01
8.785654902458190918e-01
9.157631397247314453e-01
8.809007406234741211e-01
8.705587983131408691e-01
8.870725631713867188e-01
9.070892333984375000e-01
9.150959253311157227e-01
9.125938415527343750e-01
9.064220190048217773e-01
9.059215784072875977e-01
9.039199352264404297e-01
9.072560667991638184e-01
9.092577099800109863e-01
9.279399514198303223e-01
9.202668666839599609e-01
9.337781667709350586e-01
9.226021766662597656e-01
9.429524540901184082e-01
9.364470243453979492e-01
9.197664856910705566e-01
9.334445595741271973e-01
9.331109523773193359e-01
9.441201090812683105e-01
9.491242766380310059e-01
9.361134171485900879e-01
9.399499297142028809e-01
