6.536779999732971191e-01
6.489518880844116211e-01
6.329619288444519043e-01
6.269581913948059082e-01
6.172410249710083008e-01
6.152598261833190918e-01
5.928322076797485352e-01
6.108962297439575195e-01
5.993983745574951172e-01
6.113448739051818848e-01
6.029896140098571777e-01
5.867112278938293457e-01
5.771802067756652832e-01
5.717991590499877930e-01
5.962822437286376953e-01
5.921123027801513672e-01
5.851777195930480957e-01
5.647986531257629395e-01
5.679954290390014648e-01
5.871774554252624512e-01
5.853728652000427246e-01
5.673289895057678223e-01
5.908929109573364258e-01
5.623649358749389648e-01
5.707185268402099609e-01
5.639065504074096680e-01
5.491734743118286133e-01
5.468713641166687012e-01
5.632051229476928711e-01
5.596229434013366699e-01
5.420466661453247070e-01
5.490018725395202637e-01
5.530462265014648438e-01
5.285266041755676270e-01
5.405879020690917969e-01
5.325185656547546387e-01
5.316131711006164551e-01
5.331236720085144043e-01
5.376358032226562500e-01
5.278838872909545898e-01
5.233356356620788574e-01
5.332275629043579102e-01
5.055617094039916992e-01
5.162358880043029785e-01
5.305392146110534668e-01
5.219959616661071777e-01
5.192739367485046387e-01
5.158463716506958008e-01
5.242813229560852051e-01
4.961449205875396729e-01
4.922066628932952881e-01
5.104454755783081055e-01
5.104863643646240234e-01
5.005089640617370605e-01
5.103462934494018555e-01
5.027986764907836914e-01
5.015149116516113281e-01
4.980561733245849609e-01
4.993819296360015869e-01
4.969209134578704834e-01
4.909578263759613037e-01
4.806345403194427490e-01
4.715865254402160645e-01
4.748133718967437744e-01
4.896533489227294922e-01
4.948895871639251709e-01
4.764159321784973145e-01
4.766936898231506348e-01
4.715160429477691650e-01
4.738723635673522949e-01
4.588801860809326172e-01
4.538585245609283447e-01
4.820961356163024902e-01
4.612155556678771973e-01
4.399520456790924072e-01
4.451960623264312744e-01
4.522550106048583984e-01
4.456616044044494629e-01
4.471215307712554932e-01
4.505693018436431885e-01
4.461120665073394775e-01
4.358524680137634277e-01
4.492715895175933838e-01
4.312639832496643066e-01
4.437857270240783691e-01
4.490819871425628662e-01
4.287563860416412354e-01
4.362331330776214600e-01
4.292205870151519775e-01
4.182080328464508057e-01
4.327758848667144775e-01
4.198210239410400391e-01
4.288615584373474121e-01
4.058458805084228516e-01
4.353474676609039307e-01
4.034262597560882568e-01
4.157920479774475098e-01
4.221777319908142090e-01
4.161133766174316406e-01
4.044004380702972412e-01
4.110494554042816162e-01
4.053483605384826660e-01
4.164966046810150146e-01
4.017028212547302246e-01
4.139954447746276855e-01
3.847958445549011230e-01
4.052572250366210938e-01
4.076370298862457275e-01
4.072695374488830566e-01
3.996295034885406494e-01
4.114055037498474121e-01
3.924227356910705566e-01
4.105336070060729980e-01
3.954553008079528809e-01
3.985009789466857910e-01
3.908355832099914551e-01
3.966117501258850098e-01
3.757192790508270264e-01
3.914452195167541504e-01
3.804669976234436035e-01
3.940022289752960205e-01
3.709053993225097656e-01
3.823818564414978027e-01
3.833579719066619873e-01
3.720450401306152344e-01
3.828860521316528320e-01
3.743682503700256348e-01
3.738756775856018066e-01
3.812789618968963623e-01
3.728342056274414062e-01
3.752182722091674805e-01
3.776611685752868652e-01
3.694296777248382568e-01
3.678761422634124756e-01
3.465688228607177734e-01
3.677267134189605713e-01
3.626844882965087891e-01
3.676202893257141113e-01
3.478314280509948730e-01
3.367709517478942871e-01
3.710076212882995605e-01
3.518735766410827637e-01
3.484373390674591064e-01
3.421085178852081299e-01
3.550289273262023926e-01
3.704904615879058838e-01
3.411019742488861084e-01
3.536256551742553711e-01
3.467774391174316406e-01
3.460541367530822754e-01
3.533680438995361328e-01
3.271909356117248535e-01
3.442564904689788818e-01
3.209841251373291016e-01
3.597338199615478516e-01
3.498568534851074219e-01
3.327482640743255615e-01
3.276597261428833008e-01
3.502474427223205566e-01
3.374981284141540527e-01
3.699336647987365723e-01
3.341781198978424072e-01
3.468001484870910645e-01
3.455186784267425537e-01
3.293188512325286865e-01
3.345930576324462891e-01
3.426158726215362549e-01
3.250690102577209473e-01
3.370347321033477783e-01
3.332954049110412598e-01
3.249158263206481934e-01
3.173256516456604004e-01
3.366589844226837158e-01
3.352637887001037598e-01
3.453032374382019043e-01
3.474713861942291260e-01
3.115758895874023438e-01
3.375140726566314697e-01
3.314256668090820312e-01
3.190397620201110840e-01
3.416428267955780029e-01
3.464431464672088623e-01
3.314294815063476562e-01
3.225187659263610840e-01
3.190297484397888184e-01
3.082041144371032715e-01
3.152179121971130371e-01
3.271602988243103027e-01
3.095588386058807373e-01
2.913842201232910156e-01
3.233557343482971191e-01
3.177179396152496338e-01
3.272697031497955322e-01
2.993486523628234863e-01
3.284588158130645752e-01
3.307853043079376221e-01
3.140279948711395264e-01
3.196078240871429443e-01
3.242649435997009277e-01
3.016899228096008301e-01
3.048089742660522461e-01
3.065875470638275146e-01
3.185666799545288086e-01
3.015157580375671387e-01
2.922131717205047607e-01
2.947536110877990723e-01
2.948338389396667480e-01
2.942953705787658691e-01
3.029941022396087646e-01
3.162824809551239014e-01
2.998299002647399902e-01
3.166531026363372803e-01
2.997146248817443848e-01
2.847380340099334717e-01
3.260955214500427246e-01
2.993822395801544189e-01
3.167979121208190918e-01
2.880343794822692871e-01
3.091811835765838623e-01
2.978434860706329346e-01
2.958703041076660156e-01
3.023195862770080566e-01
3.075866997241973877e-01
2.968320846557617188e-01
2.952441871166229248e-01
2.817275524139404297e-01
2.999269068241119385e-01
2.932690382003784180e-01
2.765793204307556152e-01
2.991630733013153076e-01
2.955528497695922852e-01
2.754136621952056885e-01
2.772659957408905029e-01
2.995421290397644043e-01
2.786998152732849121e-01
3.017628192901611328e-01
2.685722410678863525e-01
2.829295694828033447e-01
2.805257439613342285e-01
2.927056550979614258e-01
2.893147468566894531e-01
2.858656346797943115e-01
2.903018593788146973e-01
2.775256037712097168e-01
3.199601471424102783e-01
2.828803360462188721e-01
2.801049351692199707e-01
2.587953209877014160e-01
2.757327854633331299e-01
2.879039943218231201e-01
2.680727839469909668e-01
2.942526638507843018e-01
2.961527705192565918e-01
3.063771724700927734e-01
2.711167931556701660e-01
2.689504027366638184e-01
2.883504927158355713e-01
2.912763357162475586e-01
2.835280001163482666e-01
2.645887732505798340e-01
2.770318388938903809e-01
2.639909386634826660e-01
2.636552751064300537e-01
2.623991966247558594e-01
2.687784433364868164e-01
2.834570109844207764e-01
2.643640041351318359e-01
2.776577770709991455e-01
2.655312716960906982e-01
2.886406183242797852e-01
2.821800112724304199e-01
2.823577523231506348e-01
2.896934449672698975e-01
3.090087175369262695e-01
2.785693407058715820e-01
2.727986276149749756e-01
2.631617188453674316e-01
2.697230875492095947e-01
2.874415516853332520e-01
2.778114676475524902e-01
2.776962816715240479e-01
2.464740723371505737e-01
2.753362059593200684e-01
2.694938778877258301e-01
2.787161469459533691e-01
2.669190764427185059e-01
2.621785104274749756e-01
2.711562514305114746e-01
2.685501873493194580e-01
2.671804726123809814e-01
2.568099796772003174e-01
2.396700084209442139e-01
2.607049345970153809e-01
2.594842314720153809e-01
2.632869184017181396e-01
2.901686131954193115e-01
2.774284482002258301e-01
2.545557916164398193e-01
2.652809023857116699e-01
2.494678944349288940e-01
2.632682919502258301e-01
2.650993466377258301e-01
2.842622399330139160e-01
2.569136619567871094e-01
2.618545889854431152e-01
2.756327390670776367e-01
2.599965035915374756e-01
2.465950995683670044e-01
2.704252600669860840e-01
2.545650601387023926e-01
2.514175772666931152e-01
2.516900002956390381e-01
2.621187865734100342e-01
2.547009587287902832e-01
2.531386017799377441e-01
2.434188574552536011e-01
2.608723640441894531e-01
2.374255955219268799e-01
2.567616403102874756e-01
2.640662193298339844e-01
2.709289491176605225e-01
2.414629459381103516e-01
2.574079036712646484e-01
2.617547214031219482e-01
2.487792521715164185e-01
2.562829256057739258e-01
2.576746642589569092e-01
2.501104474067687988e-01
2.440795600414276123e-01
2.561953067779541016e-01
2.491207867860794067e-01
2.710124552249908447e-01
2.517566978931427002e-01
2.703281044960021973e-01
2.694669365882873535e-01
2.463901489973068237e-01
2.553282678127288818e-01
2.593877613544464111e-01
2.446084469556808472e-01
2.509899139404296875e-01
2.543831765651702881e-01
2.368147373199462891e-01
2.475790232419967651e-01
2.436916381120681763e-01
2.363597452640533447e-01
2.388994693756103516e-01
2.412967979907989502e-01
2.320272028446197510e-01
2.355057448148727417e-01
2.599129974842071533e-01
2.610865235328674316e-01
2.519143819808959961e-01
2.478702068328857422e-01
2.530145049095153809e-01
2.400924712419509888e-01
2.393493205308914185e-01
2.510120570659637451e-01
2.346666753292083740e-01
2.623255848884582520e-01
2.440389096736907959e-01
2.403410673141479492e-01
2.389228641986846924e-01
2.481999844312667847e-01
2.491001635789871216e-01
2.529810070991516113e-01
2.315210998058319092e-01
2.388477325439453125e-01
2.395046651363372803e-01
2.366671562194824219e-01
2.286270409822463989e-01
2.314679622650146484e-01
2.372768670320510864e-01
2.468868792057037354e-01
2.354759722948074341e-01
2.379544526338577271e-01
2.386462390422821045e-01
2.298913747072219849e-01
2.286712676286697388e-01
2.304718494415283203e-01
2.397482097148895264e-01
2.447606325149536133e-01
2.539654374122619629e-01
2.325768917798995972e-01
2.499905377626419067e-01
2.452622652053833008e-01
2.334692776203155518e-01
2.350032627582550049e-01
2.521654069423675537e-01
2.221721857786178589e-01
2.400895059108734131e-01
2.347484380006790161e-01
2.232374846935272217e-01
2.245103567838668823e-01
2.314332276582717896e-01
2.474131286144256592e-01
2.449524849653244019e-01
2.318771332502365112e-01
2.250394523143768311e-01
2.333399951457977295e-01
2.440538406372070312e-01
2.345176935195922852e-01
2.303175032138824463e-01
2.176048010587692261e-01
2.361055314540863037e-01
2.378592938184738159e-01
2.235139608383178711e-01
2.291853129863739014e-01
2.423159629106521606e-01
2.333653867244720459e-01
2.378702610731124878e-01
2.376113235950469971e-01
2.450102120637893677e-01
2.108037024736404419e-01
2.427702397108078003e-01
2.387719154357910156e-01
2.418804168701171875e-01
2.178207188844680786e-01
2.312346249818801880e-01
2.328334748744964600e-01
2.417471855878829956e-01
2.368771582841873169e-01
2.226515561342239380e-01
2.277045249938964844e-01
2.069815099239349365e-01
2.210137099027633667e-01
2.198003232479095459e-01
2.300864160060882568e-01
2.328550517559051514e-01
2.218410521745681763e-01
2.192035168409347534e-01
2.027024775743484497e-01
2.212363034486770630e-01
2.312442362308502197e-01
2.318530380725860596e-01
2.351185977458953857e-01
2.282809317111968994e-01
2.354394644498825073e-01
2.320391833782196045e-01
2.321642339229583740e-01
2.180548161268234253e-01
2.244115322828292847e-01
2.412428855895996094e-01
2.328819781541824341e-01
2.280955016613006592e-01
2.273027002811431885e-01
2.250701189041137695e-01
2.136375904083251953e-01
2.275978624820709229e-01
2.155140340328216553e-01
2.246116399765014648e-01
2.397103309631347656e-01
2.179334163665771484e-01
2.126489132642745972e-01
2.061332464218139648e-01
2.153410613536834717e-01
2.337671518325805664e-01
2.290264815092086792e-01
2.223280221223831177e-01
2.379253357648849487e-01
2.065957784652709961e-01
2.186224460601806641e-01
2.008971273899078369e-01
2.205173671245574951e-01
2.217876911163330078e-01
2.110538482666015625e-01
2.109467983245849609e-01
2.234067916870117188e-01
2.131544649600982666e-01
2.147068530321121216e-01
2.333689182996749878e-01
2.061797082424163818e-01
2.309442460536956787e-01
2.324649840593338013e-01
2.232874184846878052e-01
2.176563292741775513e-01
2.189639359712600708e-01
2.253603637218475342e-01
1.946079432964324951e-01
2.035858929157257080e-01
2.243293523788452148e-01
2.142434120178222656e-01
2.249937355518341064e-01
2.109681814908981323e-01
2.345743477344512939e-01
2.085934132337570190e-01
2.074708640575408936e-01
2.210752218961715698e-01
1.966422498226165771e-01
2.392172068357467651e-01
2.118132561445236206e-01
2.065734416246414185e-01
2.112496346235275269e-01
2.216986417770385742e-01
2.245533764362335205e-01
2.246975004673004150e-01
2.132276743650436401e-01
2.201284915208816528e-01
1.893166005611419678e-01
2.034167796373367310e-01
2.276123464107513428e-01
2.211765050888061523e-01
2.224373817443847656e-01
2.154088765382766724e-01
1.982475072145462036e-01
1.930799484252929688e-01
2.082167863845825195e-01
2.089139223098754883e-01
2.197389602661132812e-01
2.167349159717559814e-01
2.230556011199951172e-01
2.096349298954010010e-01
2.183965742588043213e-01
2.210085690021514893e-01
2.037747353315353394e-01
2.083901464939117432e-01
2.057050913572311401e-01
2.109235078096389771e-01
2.056448012590408325e-01
2.213833034038543701e-01
2.305786609649658203e-01
1.969401836395263672e-01
1.992702931165695190e-01
2.024776637554168701e-01
2.017121613025665283e-01
2.009953260421752930e-01
1.947284638881683350e-01
2.102086991071701050e-01
2.027110755443572998e-01
1.977665722370147705e-01
1.918728947639465332e-01
1.991297900676727295e-01
2.166996449232101440e-01
2.183475792407989502e-01
1.949590891599655151e-01
2.322731465101242065e-01
2.173558175563812256e-01
1.945745348930358887e-01
2.073848247528076172e-01
2.068372219800949097e-01
2.166646420955657959e-01
2.062976658344268799e-01
2.113258391618728638e-01
1.952060908079147339e-01
1.942466646432876587e-01
2.060053646564483643e-01
2.004542350769042969e-01
2.007234841585159302e-01
2.154319584369659424e-01
2.090688645839691162e-01
2.196789234876632690e-01
2.051631510257720947e-01
1.847310960292816162e-01
2.225228101015090942e-01
1.908958256244659424e-01
2.017509639263153076e-01
2.035532295703887939e-01
1.954810470342636108e-01
2.067825347185134888e-01
2.160926610231399536e-01
1.878369301557540894e-01
2.044063806533813477e-01
1.995047777891159058e-01
1.980001330375671387e-01
2.080637216567993164e-01
1.899798512458801270e-01
1.981781870126724243e-01
1.943692117929458618e-01
1.899138540029525757e-01
2.008942067623138428e-01
1.917355954647064209e-01
2.064254283905029297e-01
1.955966651439666748e-01
1.864753067493438721e-01
2.144371569156646729e-01
2.081046402454376221e-01
2.005656063556671143e-01
2.030055820941925049e-01
2.127329558134078979e-01
1.965138018131256104e-01
2.085948437452316284e-01
2.010557949542999268e-01
1.988295316696166992e-01
1.885562837123870850e-01
2.022507488727569580e-01
2.155461609363555908e-01
1.896272003650665283e-01
1.948873251676559448e-01
2.062247991561889648e-01
1.888757497072219849e-01
2.010484188795089722e-01
2.089402377605438232e-01
1.966782361268997192e-01
1.910956203937530518e-01
2.011131346225738525e-01
1.995281875133514404e-01
1.938687562942504883e-01
1.927660405635833740e-01
1.828038096427917480e-01
2.107152640819549561e-01
2.043537795543670654e-01
1.999350488185882568e-01
2.422909289598464966e-01
2.117592543363571167e-01
1.915575563907623291e-01
1.923729330301284790e-01
2.115716934204101562e-01
1.931262910366058350e-01
1.825574934482574463e-01
1.893629282712936401e-01
1.948326081037521362e-01
2.031554877758026123e-01
1.970594227313995361e-01
2.161904871463775635e-01
2.009410113096237183e-01
2.087665051221847534e-01
1.820854246616363525e-01
2.190320491790771484e-01
1.809522956609725952e-01
1.977385878562927246e-01
1.933263838291168213e-01
1.954394280910491943e-01
1.898179650306701660e-01
2.046928107738494873e-01
1.995983421802520752e-01
2.014804780483245850e-01
1.852248609066009521e-01
1.868435442447662354e-01
1.854315698146820068e-01
2.031708657741546631e-01
2.088662087917327881e-01
2.026680260896682739e-01
1.949810981750488281e-01
1.864043474197387695e-01
1.834209412336349487e-01
1.878889352083206177e-01
1.835238188505172729e-01
1.869749873876571655e-01
1.746551692485809326e-01
2.093536108732223511e-01
2.118003815412521362e-01
1.834555715322494507e-01
2.007885724306106567e-01
1.751146018505096436e-01
2.365517318248748779e-01
2.181130647659301758e-01
1.885787695646286011e-01
2.101070880889892578e-01
2.236797511577606201e-01
2.070209234952926636e-01
2.090928852558135986e-01
2.017090767621994019e-01
1.900101602077484131e-01
2.072064578533172607e-01
1.848044544458389282e-01
1.948431283235549927e-01
1.798405349254608154e-01
1.881016343832015991e-01
2.010266482830047607e-01
2.173807621002197266e-01
1.963082253932952881e-01
1.910400837659835815e-01
2.000630795955657959e-01
1.778640747070312500e-01
1.882843673229217529e-01
1.922892481088638306e-01
1.953358501195907593e-01
1.762509196996688843e-01
1.890845447778701782e-01
1.873820275068283081e-01
1.814847588539123535e-01
1.993770152330398560e-01
2.109375894069671631e-01
1.813816130161285400e-01
1.877324134111404419e-01
1.853058487176895142e-01
1.931053996086120605e-01
1.958802044391632080e-01
1.837356388568878174e-01
2.002616822719573975e-01
1.913753151893615723e-01
2.036478519439697266e-01
1.910976320505142212e-01
1.930416524410247803e-01
2.095825672149658203e-01
1.802598536014556885e-01
1.788334399461746216e-01
1.853867471218109131e-01
1.936621814966201782e-01
1.848946809768676758e-01
1.910298764705657959e-01
1.847706139087677002e-01
2.079244852066040039e-01
1.998073756694793701e-01
1.990664899349212646e-01
1.955737173557281494e-01
2.126851975917816162e-01
2.024566829204559326e-01
1.952362805604934692e-01
2.013888359069824219e-01
2.106771469116210938e-01
1.891017854213714600e-01
2.107878923416137695e-01
1.954334676265716553e-01
1.794616729021072388e-01
1.863776594400405884e-01
1.657848060131072998e-01
1.910215616226196289e-01
1.877730935811996460e-01
1.979771703481674194e-01
1.951678246259689331e-01
2.042575180530548096e-01
1.929820775985717773e-01
1.867918968200683594e-01
1.806881129741668701e-01
1.804027259349822998e-01
1.755644977092742920e-01
1.801491081714630127e-01
1.868206560611724854e-01
1.990910321474075317e-01
1.966202855110168457e-01
1.896603405475616455e-01
1.962946504354476929e-01
1.895602494478225708e-01
1.877616941928863525e-01
1.867616921663284302e-01
1.983405649662017822e-01
1.951748281717300415e-01
1.781504154205322266e-01
1.881664693355560303e-01
1.791875809431076050e-01
1.697292625904083252e-01
1.824840307235717773e-01
2.256775349378585815e-01
1.825750470161437988e-01
2.132764160633087158e-01
1.747170090675354004e-01
1.798555552959442139e-01
1.975371390581130981e-01
1.701060235500335693e-01
1.956707090139389038e-01
1.730468422174453735e-01
1.907466650009155273e-01
1.939397901296615601e-01
1.861118376255035400e-01
1.895815134048461914e-01
1.717740744352340698e-01
1.749187409877777100e-01
1.729260534048080444e-01
1.823566257953643799e-01
2.025117874145507812e-01
1.748232990503311157e-01
1.804092228412628174e-01
1.771753728389739990e-01
1.757981628179550171e-01
1.816751658916473389e-01
1.904077976942062378e-01
1.916836798191070557e-01
1.708254963159561157e-01
1.881417632102966309e-01
1.893134117126464844e-01
1.845672130584716797e-01
1.843451708555221558e-01
1.768807470798492432e-01
1.884126961231231689e-01
1.833403408527374268e-01
1.881156414747238159e-01
1.999236643314361572e-01
1.797865778207778931e-01
1.675548702478408813e-01
1.615907400846481323e-01
1.717474013566970825e-01
1.794183999300003052e-01
1.746774017810821533e-01
1.706345379352569580e-01
1.758993417024612427e-01
1.779304295778274536e-01
1.785756945610046387e-01
1.747999042272567749e-01
1.739431619644165039e-01
1.723856329917907715e-01
1.769992560148239136e-01
1.756617128849029541e-01
1.932642459869384766e-01
1.777906566858291626e-01
1.826619803905487061e-01
1.831776499748229980e-01
1.764798164367675781e-01
1.805067360401153564e-01
1.901281923055648804e-01
1.760243624448776245e-01
1.830920875072479248e-01
1.788250356912612915e-01
1.724747121334075928e-01
1.883530318737030029e-01
1.694723069667816162e-01
1.698086410760879517e-01
1.708128750324249268e-01
1.626015156507492065e-01
1.890869289636611938e-01
1.761591285467147827e-01
1.650202274322509766e-01
1.759761124849319458e-01
1.900030672550201416e-01
1.958861798048019409e-01
1.917180120944976807e-01
1.757490038871765137e-01
1.759296357631683350e-01
1.799975335597991943e-01
1.796945333480834961e-01
1.707564294338226318e-01
1.784066110849380493e-01
1.681896895170211792e-01
1.695227921009063721e-01
1.940993070602416992e-01
1.628931462764739990e-01
1.910113245248794556e-01
1.847994327545166016e-01
1.693843305110931396e-01
1.768877804279327393e-01
1.820432841777801514e-01
1.764204055070877075e-01
1.688735038042068481e-01
1.926894783973693848e-01
1.912058740854263306e-01
1.665334999561309814e-01
1.766148954629898071e-01
1.649318188428878784e-01
1.765171587467193604e-01
1.861686408519744873e-01
1.718668341636657715e-01
1.743349730968475342e-01
1.800438910722732544e-01
1.899550855159759521e-01
1.840459853410720825e-01
1.968249529600143433e-01
1.693395674228668213e-01
1.802372336387634277e-01
1.815816760063171387e-01
1.711512506008148193e-01
1.671198159456253052e-01
1.868550777435302734e-01
1.607253402471542358e-01
1.742562353610992432e-01
1.658246517181396484e-01
1.912207007408142090e-01
1.702502369880676270e-01
1.745825111865997314e-01
1.826903223991394043e-01
1.535015404224395752e-01
1.816636025905609131e-01
1.804714202880859375e-01
1.598126441240310669e-01
1.807757914066314697e-01
1.941074579954147339e-01
1.635175198316574097e-01
1.766421645879745483e-01
1.667728424072265625e-01
1.785200685262680054e-01
1.766942739486694336e-01
1.787107735872268677e-01
1.697209030389785767e-01
1.735266596078872681e-01
1.704093515872955322e-01
1.694426536560058594e-01
1.673838794231414795e-01
1.911672055721282959e-01
1.779935657978057861e-01
1.843524724245071411e-01
1.778238266706466675e-01
1.800278574228286743e-01
1.635112166404724121e-01
1.838620901107788086e-01
1.705397069454193115e-01
1.860688030719757080e-01
1.802530288696289062e-01
1.710428297519683838e-01
1.651476174592971802e-01
1.667270064353942871e-01
1.741887032985687256e-01
1.627985537052154541e-01
1.679754853248596191e-01
1.765536516904830933e-01
1.621788442134857178e-01
1.735673695802688599e-01
1.622297167778015137e-01
1.900907009840011597e-01
1.621092706918716431e-01
1.697763204574584961e-01
1.607502996921539307e-01
1.737249344587326050e-01
1.885000169277191162e-01
1.896338611841201782e-01
1.746377348899841309e-01
1.844637393951416016e-01
1.720695793628692627e-01
1.622941195964813232e-01
1.554393619298934937e-01
1.703615933656692505e-01
1.608301103115081787e-01
1.724316328763961792e-01
1.702938973903656006e-01
1.609722077846527100e-01
1.619921475648880005e-01
1.668951511383056641e-01
1.712716519832611084e-01
1.574313342571258545e-01
1.687050163745880127e-01
1.623373031616210938e-01
1.713404953479766846e-01
1.640372276306152344e-01
1.654128581285476685e-01
1.640610247850418091e-01
1.592280119657516479e-01
1.801537275314331055e-01
1.793443411588668823e-01
1.738435924053192139e-01
1.620248258113861084e-01
1.491124033927917480e-01
1.721298694610595703e-01
1.463887244462966919e-01
1.789600402116775513e-01
1.709030568599700928e-01
1.584521234035491943e-01
1.796388328075408936e-01
1.655006110668182373e-01
1.657555103302001953e-01
1.759413480758666992e-01
1.611851453781127930e-01
1.683987230062484741e-01
1.604323685169219971e-01
1.655598133802413940e-01
1.660768240690231323e-01
1.648313105106353760e-01
1.568395644426345825e-01
1.616185307502746582e-01
1.522287726402282715e-01
1.650960147380828857e-01
1.734031140804290771e-01
1.751914173364639282e-01
1.637742221355438232e-01
1.757145226001739502e-01
1.611354053020477295e-01
1.613691449165344238e-01
1.706212610006332397e-01
1.613829880952835083e-01
1.700110137462615967e-01
1.665387600660324097e-01
1.637883335351943970e-01
1.661495566368103027e-01
1.673164665699005127e-01
1.834556013345718384e-01
1.572040021419525146e-01
1.674295663833618164e-01
1.581757813692092896e-01
1.746758073568344116e-01
1.633755862712860107e-01
1.681715250015258789e-01
1.653750091791152954e-01
1.770991981029510498e-01
1.767645180225372314e-01
1.613523960113525391e-01
1.571895182132720947e-01
1.646685302257537842e-01
1.581595093011856079e-01
1.560508310794830322e-01
1.602133959531784058e-01
1.601249873638153076e-01
1.662937402725219727e-01
1.533372700214385986e-01
1.575230658054351807e-01
1.651744097471237183e-01
1.564941704273223877e-01
1.630692332983016968e-01
1.670803278684616089e-01
1.663556545972824097e-01
1.524026691913604736e-01
1.586428582668304443e-01
1.784784048795700073e-01
1.690506935119628906e-01
1.480564624071121216e-01
1.784020364284515381e-01
1.689336597919464111e-01
1.584234088659286499e-01
1.570106446743011475e-01
1.767302453517913818e-01
1.639047116041183472e-01
1.599945425987243652e-01
1.717260777950286865e-01
1.544523686170578003e-01
1.539569646120071411e-01
1.561986207962036133e-01
1.655573546886444092e-01
1.625122725963592529e-01
1.610789895057678223e-01
1.510708034038543701e-01
1.550304889678955078e-01
1.616626679897308350e-01
1.608110964298248291e-01
1.551337540149688721e-01
1.487194299697875977e-01
