3.998332023620605469e-01
7.099249362945556641e-01
7.734779119491577148e-01
7.868223786354064941e-01
7.532944083213806152e-01
7.983319163322448730e-01
7.758131623268127441e-01
7.449541091918945312e-01
7.482902407646179199e-01
7.664720416069030762e-01
8.010008335113525391e-01
7.879899740219116211e-01
8.236864209175109863e-01
8.041701316833496094e-01
8.280233740806579590e-01
7.956630587577819824e-01
7.908256649971008301e-01
8.128440380096435547e-01
8.348624110221862793e-01
8.051709532737731934e-01
8.291909694671630859e-01
8.378648757934570312e-01
8.346955776214599609e-01
8.281901478767395020e-01
8.562135100364685059e-01
8.543786406517028809e-01
8.682235479354858398e-01
8.587155938148498535e-01
8.625521063804626465e-01
8.567139506340026855e-01
8.984153270721435547e-01
8.733944892883300781e-01
8.793994784355163574e-01
8.964136838912963867e-01
9.160967469215393066e-01
8.932443857192993164e-01
9.135946631431579590e-01
9.100917577743530273e-01
8.802335262298583984e-01
9.174311757087707520e-01
9.025855064392089844e-01
9.180983901023864746e-01
8.874061703681945801e-01
9.000834226608276367e-01
9.164303541183471680e-01
9.024186730384826660e-01
9.054211974143981934e-01
9.112593531608581543e-01
9.155963063240051270e-01
9.192660450935363770e-01
9.140951037406921387e-01
8.989157676696777344e-01
9.247706532478332520e-01
9.130942225456237793e-01
9.251042604446411133e-01
9.236029982566833496e-01
9.257714748382568359e-01
9.334445595741271973e-01
9.241034388542175293e-01
9.204337000846862793e-01
9.322769045829772949e-01
9.381151199340820312e-01
9.264386892318725586e-01
9.327772855758666992e-01
9.221017360687255859e-01
9.374478459358215332e-01
9.417847990989685059e-01
9.296079874038696289e-01
9.351125955581665039e-01
9.489574432373046875e-01
9.337781667709350586e-01
9.281067848205566406e-01
9.342785477638244629e-01
9.387823343276977539e-01
9.359466433525085449e-01
