8.240200281143188477e-01
6.395329236984252930e-01
7.142618894577026367e-01
7.057548165321350098e-01
6.990825533866882324e-01
7.472894191741943359e-01
7.055879831314086914e-01
7.064220309257507324e-01
7.316097021102905273e-01
7.266054749488830566e-01
7.299416065216064453e-01
6.875729560852050781e-01
7.170975804328918457e-01
7.281067371368408203e-01
7.496246695518493652e-01
7.346121668815612793e-01
7.125938534736633301e-01
7.060884237289428711e-01
7.686405181884765625e-01
7.524603605270385742e-01
7.709758281707763672e-01
7.556297183036804199e-01
8.198498487472534180e-01
7.853211164474487305e-01
7.546288371086120605e-01
7.914929389953613281e-01
7.854878902435302734e-01
7.978315353393554688e-01
7.966638803482055664e-01
7.606338858604431152e-01
8.165137767791748047e-01
8.186822533607482910e-01
7.789824604988098145e-01
8.135112524032592773e-01
8.060050010681152344e-01
8.218515515327453613e-01
8.033360838890075684e-01
7.584654092788696289e-01
8.410341739654541016e-01
7.694745659828186035e-01
8.280233740806579590e-01
7.799833416938781738e-01
8.263552784919738770e-01
8.578815460205078125e-01
7.891576290130615234e-01
8.261885046958923340e-01
8.351960182189941406e-01
8.183486461639404297e-01
7.948290109634399414e-01
8.575479388236999512e-01
8.458715677261352539e-01
7.789824604988098145e-01
8.495413064956665039e-01
8.000000119209289551e-01
7.874895930290222168e-01
8.502085208892822266e-01
7.984987497329711914e-01
8.333611488342285156e-01
8.251876831054687500e-01
7.623019218444824219e-01
7.859883308410644531e-01
7.798165082931518555e-01
8.020016551017761230e-01
8.208507299423217773e-01
8.021684885025024414e-01
7.916597127914428711e-01
7.868223786354064941e-01
8.150125145912170410e-01
8.130108714103698730e-01
7.926605343818664551e-01
8.040033578872680664e-01
8.457047343254089355e-01
8.338615298271179199e-01
8.381984829902648926e-01
7.743119001388549805e-01
