4.330275356769561768e-01
5.783152580261230469e-01
5.771476030349731445e-01
5.724770426750183105e-01
6.021685004234313965e-01
5.659716725349426270e-01
5.381150841712951660e-01
5.919933319091796875e-01
5.723102688789367676e-01
4.972476959228515625e-01
5.609674453735351562e-01
5.357798337936401367e-01
5.120934247970581055e-01
5.444537401199340820e-01
5.751459598541259766e-01
5.504587292671203613e-01
5.201000571250915527e-01
5.155963301658630371e-01
5.316096544265747070e-01
5.736446976661682129e-01
5.484570264816284180e-01
5.771476030349731445e-01
5.304420590400695801e-01
5.426188707351684570e-01
5.476230382919311523e-01
5.246038436889648438e-01
5.581317543983459473e-01
5.211009383201599121e-01
5.544620752334594727e-01
5.577981472015380859e-01
5.236030220985412598e-01
5.094245076179504395e-01
5.427856445312500000e-01
5.669724941253662109e-01
5.342785716056823730e-01
5.484570264816284180e-01
5.497915148735046387e-01
5.502918958663940430e-01
5.256046652793884277e-01
5.025854706764221191e-01
5.022518634796142578e-01
5.599666237831115723e-01
5.407840013504028320e-01
5.346121788024902344e-01
5.416179895401000977e-01
5.421184301376342773e-01
5.698081851005554199e-01
5.467889904975891113e-01
5.484570264816284180e-01
5.334445238113403320e-01
5.341117382049560547e-01
5.232694149017333984e-01
5.331109166145324707e-01
4.770642220973968506e-01
5.135946869850158691e-01
5.489574670791625977e-01
5.444537401199340820e-01
5.174311995506286621e-01
5.386155247688293457e-01
5.686405301094055176e-01
5.115929841995239258e-01
5.287739634513854980e-01
5.259382724761962891e-01
5.252710580825805664e-01
5.566305518150329590e-01
5.764803886413574219e-01
5.082568526268005371e-01
5.486238598823547363e-01
5.110926032066345215e-01
5.227689743041992188e-01
5.397831797599792480e-01
5.374478697776794434e-01
5.494579076766967773e-01
5.459549427032470703e-01
5.184320211410522461e-01
