4.813467860221862793e-01
5.134680271148681641e-01
5.993939042091369629e-01
6.833669543266296387e-01
6.930640339851379395e-01
6.999326944351196289e-01
6.868013143539428711e-01
6.761616468429565430e-01
7.051852345466613770e-01
6.934679746627807617e-01
6.863973736763000488e-01
7.026935815811157227e-01
7.183838486671447754e-01
6.756228804588317871e-01
6.903030276298522949e-01
6.919865608215332031e-01
7.015488147735595703e-01
7.214140892028808594e-01
7.078787088394165039e-01
6.981145143508911133e-01
7.006734609603881836e-01
7.133333086967468262e-01
7.302356958389282227e-01
7.065320014953613281e-01
7.235017418861389160e-01
6.953535079956054688e-01
7.059259414672851562e-01
7.098315954208374023e-01
7.362290024757385254e-01
7.185184955596923828e-01
7.351515293121337891e-01
7.380471229553222656e-01
7.276093959808349609e-01
7.432323694229125977e-01
7.378451228141784668e-01
7.506397366523742676e-01
7.393265962600708008e-01
7.468687295913696289e-01
7.465319633483886719e-01
7.474747896194458008e-01
7.281481027603149414e-01
7.445117831230163574e-01
7.315151691436767578e-01
7.542087435722351074e-01
7.523232698440551758e-01
7.420875430107116699e-01
7.355555295944213867e-01
7.505723834037780762e-01
7.653871774673461914e-01
7.479461431503295898e-01
7.523232698440551758e-01
7.593939900398254395e-01
7.449831962585449219e-01
7.694275975227355957e-01
7.731987237930297852e-01
7.632996439933776855e-01
7.618181705474853516e-01
7.651851773262023926e-01
7.843097448348999023e-01
7.848485112190246582e-01
7.796633243560791016e-01
7.766329646110534668e-01
7.608754038810729980e-01
7.737373113632202148e-01
7.764983177185058594e-01
7.731312513351440430e-01
7.876093983650207520e-01
7.828956246376037598e-01
7.674747705459594727e-01
7.745454311370849609e-01
7.996633052825927734e-01
7.781144976615905762e-01
8.012794256210327148e-01
7.781144380569458008e-01
8.031649589538574219e-01
7.991918921470642090e-01
7.985858321189880371e-01
7.842423915863037109e-01
8.159596323966979980e-01
7.830303311347961426e-01
8.033670186996459961e-01
7.895623445510864258e-01
8.035017251968383789e-01
7.860605716705322266e-01
8.003366589546203613e-01
7.928619384765625000e-01
7.940740585327148438e-01
8.045118451118469238e-01
7.990571856498718262e-01
8.029629588127136230e-01
7.975757718086242676e-01
8.007408380508422852e-01
7.996633052825927734e-01
7.828956246376037598e-01
8.088214993476867676e-01
8.109763860702514648e-01
8.140068054199218750e-01
8.086194992065429688e-01
8.133333325386047363e-01
7.938047051429748535e-01
8.181144595146179199e-01
8.216835260391235352e-01
7.967676520347595215e-01
8.395286798477172852e-01
8.280134201049804688e-01
8.148821592330932617e-01
8.302356600761413574e-01
8.094275593757629395e-01
8.074073791503906250e-01
8.152862787246704102e-01
8.222222328186035156e-01
8.072727322578430176e-01
8.237709999084472656e-01
8.168350458145141602e-01
8.299662470817565918e-01
8.216835260391235352e-01
8.240404129028320312e-01
8.105723261833190918e-01
8.210774660110473633e-01
8.185184597969055176e-01
8.210101127624511719e-01
8.247812390327453613e-01
8.228956460952758789e-01
8.402693867683410645e-01
8.351514935493469238e-01
8.216835260391235352e-01
8.298316001892089844e-01
8.275420069694519043e-01
8.192591667175292969e-01
8.176430463790893555e-01
8.243097066879272461e-01
8.443771600723266602e-01
8.522558212280273438e-01
8.309090733528137207e-01
8.331313133239746094e-01
8.498317003250122070e-01
8.100336194038391113e-01
8.478114008903503418e-01
8.390572667121887207e-01
8.468686938285827637e-01
8.354882001876831055e-01
8.327946662902832031e-01
8.288888931274414062e-01
8.556228876113891602e-01
8.424916267395019531e-01
8.406733274459838867e-01
8.316497802734375000e-01
8.489562869071960449e-01
8.371716737747192383e-01
8.523905873298645020e-01
8.538720011711120605e-01
8.329966664314270020e-01
8.547474741935729980e-01
8.557575941085815430e-01
8.610774874687194824e-01
8.461278676986694336e-01
8.501683473587036133e-01
8.385858535766601562e-01
8.546800613403320312e-01
8.513132333755493164e-01
8.495623469352722168e-01
8.440403938293457031e-01
8.426936268806457520e-01
8.581144213676452637e-01
8.573064804077148438e-01
8.456565141677856445e-01
8.444443941116333008e-01
8.488214612007141113e-01
8.399326205253601074e-01
8.567676544189453125e-01
8.538047075271606445e-01
8.671380281448364258e-01
8.623569607734680176e-01
8.504378199577331543e-01
8.649158477783203125e-01
8.508418202400207520e-01
8.634343147277832031e-01
8.463298678398132324e-01
8.560942411422729492e-01
8.556228876113891602e-01
8.560942411422729492e-01
8.621548414230346680e-01
8.624916076660156250e-01
8.470033407211303711e-01
8.715151548385620117e-01
8.674747347831726074e-01
8.678787350654602051e-01
8.602693676948547363e-01
8.686195611953735352e-01
8.665320277214050293e-01
8.571044206619262695e-01
8.610101938247680664e-01
8.552862405776977539e-01
8.711110949516296387e-01
8.571717143058776855e-01
8.681482076644897461e-01
8.637710809707641602e-01
8.631650209426879883e-01
8.738721013069152832e-01
8.645790815353393555e-01
8.658586740493774414e-01
8.658585548400878906e-01
8.643097877502441406e-01
8.513131141662597656e-01
8.619529008865356445e-01
8.537374734878540039e-01
8.738719820976257324e-01
8.514477610588073730e-01
8.647138476371765137e-01
8.652526140213012695e-01
8.618181943893432617e-01
8.507744669914245605e-01
8.664646148681640625e-01
8.715151548385620117e-01
8.840403556823730469e-01
8.689562678337097168e-01
8.614141345024108887e-01
8.694275617599487305e-01
8.662626147270202637e-01
8.529967069625854492e-01
8.713805079460144043e-01
8.695623278617858887e-01
8.690236210823059082e-01
8.642424345016479492e-01
8.839057683944702148e-01
8.748148083686828613e-01
8.633669614791870117e-01
8.616161346435546875e-01
8.719865679740905762e-01
8.783165812492370605e-01
8.707071542739868164e-01
8.810774683952331543e-01
8.725926280021667480e-01
8.596631884574890137e-01
8.749495744705200195e-01
8.808080554008483887e-01
8.820875287055969238e-01
8.849831819534301758e-01
8.684175610542297363e-01
8.520539402961730957e-01
8.795959353446960449e-01
8.734680414199829102e-01
8.746801614761352539e-01
8.794614076614379883e-01
8.692929148674011230e-01
8.806059956550598145e-01
8.781144022941589355e-01
8.752189874649047852e-01
8.752188682556152344e-01
8.795286417007446289e-01
8.728619813919067383e-01
8.796633481979370117e-01
8.837037086486816406e-01
8.663299679756164551e-01
8.787878751754760742e-01
8.680807352066040039e-01
8.678787350654602051e-01
8.697643280029296875e-01
8.712457418441772461e-01
8.747475743293762207e-01
8.866667747497558594e-01
8.784511685371398926e-01
8.874074220657348633e-01
8.824242353439331055e-01
8.787878751754760742e-01
8.735354542732238770e-01
8.863300085067749023e-01
8.802693486213684082e-01
8.841751217842102051e-01
8.717171549797058105e-01
8.772390484809875488e-01
8.756229281425476074e-01
8.901010751724243164e-01
8.884848356246948242e-01
8.915826082229614258e-01
8.758249282836914062e-01
8.746801614761352539e-01
8.861279487609863281e-01
8.820201754570007324e-01
8.816161155700683594e-01
8.799999952316284180e-01
8.793266415596008301e-01
8.829630017280578613e-01
8.807407617568969727e-01
8.762962222099304199e-01
8.826261758804321289e-01
8.898316621780395508e-01
8.803366422653198242e-01
8.814814686775207520e-01
8.950168490409851074e-01
8.808080554008483887e-01
8.777777552604675293e-01
8.905723690986633301e-01
8.897643089294433594e-01
8.867340087890625000e-01
8.898316621780395508e-01
8.810774087905883789e-01
8.940068483352661133e-01
8.941413760185241699e-01
8.808754086494445801e-01
8.828956484794616699e-01
8.874747157096862793e-01
8.808754682540893555e-01
8.855892419815063477e-01
8.863299489021301270e-01
8.764309883117675781e-01
8.828282356262207031e-01
8.810774683952331543e-01
8.976432085037231445e-01
8.902357220649719238e-01
8.832996487617492676e-01
8.791919946670532227e-01
8.784512281417846680e-01
8.872054219245910645e-01
8.851852416992187500e-01
8.783838152885437012e-01
8.905723690986633301e-01
8.917172551155090332e-01
8.804714083671569824e-01
8.995959162712097168e-01
8.939393758773803711e-01
8.587878942489624023e-01
8.808754086494445801e-01
8.934680819511413574e-01
8.708418011665344238e-01
8.863299489021301270e-01
8.855892419815063477e-01
8.896296620368957520e-01
9.010774493217468262e-01
8.793266415596008301e-01
8.847137689590454102e-01
8.857913017272949219e-01
8.938720822334289551e-01
8.885523080825805664e-01
8.854545354843139648e-01
8.921884298324584961e-01
8.917172551155090332e-01
9.004713892936706543e-01
8.950167894363403320e-01
8.893602490425109863e-01
8.926599621772766113e-01
8.896970748901367188e-01
9.036363363265991211e-01
8.985859155654907227e-01
8.957575559616088867e-01
8.997980356216430664e-01
8.867341279983520508e-01
8.948148488998413086e-01
8.936027288436889648e-01
8.903029561042785645e-01
8.848484158515930176e-01
8.930640220642089844e-01
8.942761421203613281e-01
8.964983820915222168e-01
8.972390890121459961e-01
8.866666555404663086e-01
8.838383555412292480e-01
9.020875096321105957e-01
8.944781422615051270e-01
8.978450894355773926e-01
8.839057087898254395e-01
8.931312561035156250e-01
8.971716761589050293e-01
8.947475552558898926e-01
8.931313753128051758e-01
8.827610015869140625e-01
8.898989558219909668e-01
9.038384556770324707e-01
9.018855094909667969e-01
8.875420689582824707e-01
8.888214826583862305e-01
8.865993618965148926e-01
8.907070159912109375e-01
8.867340087890625000e-01
8.939393758773803711e-01
9.005387425422668457e-01
9.044445157051086426e-01
8.997979164123535156e-01
8.941413760185241699e-01
9.007407426834106445e-01
8.988553285598754883e-01
8.900336027145385742e-01
9.018856287002563477e-01
9.018181562423706055e-01
8.956229090690612793e-01
8.895623087882995605e-01
8.926599621772766113e-01
9.001346826553344727e-01
9.053198695182800293e-01
8.958249092102050781e-01
8.997980356216430664e-01
8.801347017288208008e-01
8.944107890129089355e-01
8.929966688156127930e-01
8.905723690986633301e-01
9.100335836410522461e-01
8.891582489013671875e-01
8.876094818115234375e-01
9.066666364669799805e-01
8.953534960746765137e-01
8.870706558227539062e-01
8.958249092102050781e-01
8.934680223464965820e-01
8.832996487617492676e-01
8.940740823745727539e-01
8.913131952285766602e-01
8.884175419807434082e-01
8.816162347793579102e-01
8.814141154289245605e-01
8.923905491828918457e-01
9.030976295471191406e-01
9.001346826553344727e-01
8.855892419815063477e-01
8.995286822319030762e-01
8.984511494636535645e-01
8.992592692375183105e-01
8.878788948059082031e-01
8.921885490417480469e-01
8.991919755935668945e-01
8.925253152847290039e-01
8.963636159896850586e-01
8.885521888732910156e-01
8.969696760177612305e-01
8.980471491813659668e-01
9.041751027107238770e-01
8.937374353408813477e-01
9.001347422599792480e-01
8.894948959350585938e-01
8.993266224861145020e-01
8.999326825141906738e-01
8.997980356216430664e-01
8.986533284187316895e-01
9.043771028518676758e-01
8.938720822334289551e-01
9.045790433883666992e-01
9.137374162673950195e-01
8.925926089286804199e-01
9.049831628799438477e-01
8.845117688179016113e-01
9.041751027107238770e-01
8.994612693786621094e-01
8.953534960746765137e-01
8.959595561027526855e-01
8.909764289855957031e-01
9.109764099121093750e-01
8.940740823745727539e-01
8.995286226272583008e-01
8.903030157089233398e-01
8.947474360466003418e-01
9.028283357620239258e-01
9.035016894340515137e-01
9.002693295478820801e-01
9.009426832199096680e-01
8.964309692382812500e-01
9.029629826545715332e-01
8.994612693786621094e-01
8.932660222053527832e-01
9.019528627395629883e-01
9.027608633041381836e-01
8.982491493225097656e-01
9.107071161270141602e-01
8.988552093505859375e-01
8.982491493225097656e-01
8.841750025749206543e-01
9.109764099121093750e-01
8.955554962158203125e-01
8.977104425430297852e-01
9.003366231918334961e-01
9.078787565231323242e-01
8.982491493225097656e-01
9.102355837821960449e-01
9.083502888679504395e-01
9.065993428230285645e-01
8.986532092094421387e-01
8.980470895767211914e-01
9.050504565238952637e-01
8.990572690963745117e-01
9.004713892936706543e-01
9.010773897171020508e-01
9.124578237533569336e-01
8.997980356216430664e-01
9.051178097724914551e-01
9.026262164115905762e-01
8.981817960739135742e-01
9.068687558174133301e-01
9.107071161270141602e-01
9.015487432479858398e-01
8.952188491821289062e-01
9.032998085021972656e-01
8.992592692375183105e-01
9.118518829345703125e-01
9.057239294052124023e-01
9.072726964950561523e-01
9.111784696578979492e-01
9.059259295463562012e-01
9.024916887283325195e-01
9.022221565246582031e-01
8.967677354812622070e-01
9.099663496017456055e-01
8.952862620353698730e-01
9.051178097724914551e-01
9.078787565231323242e-01
8.978450894355773926e-01
8.948820829391479492e-01
8.986532092094421387e-01
8.994612693786621094e-01
8.993939161300659180e-01
9.135352969169616699e-01
9.065993428230285645e-01
9.057239294052124023e-01
9.037711024284362793e-01
9.035690426826477051e-01
9.070707559585571289e-01
8.937374353408813477e-01
9.103031158447265625e-01
9.064646959304809570e-01
9.031649827957153320e-01
9.034343957901000977e-01
8.981143832206726074e-01
8.956229090690612793e-01
9.080134630203247070e-01
8.954209089279174805e-01
9.105049967765808105e-01
9.170371294021606445e-01
9.070707559585571289e-01
9.102357029914855957e-01
9.091582298278808594e-01
9.096296429634094238e-01
9.043771028518676758e-01
9.029628634452819824e-01
9.078114628791809082e-01
9.181144833564758301e-01
9.007407426834106445e-01
9.115151166915893555e-01
9.078114628791809082e-01
9.076094627380371094e-01
9.005387425422668457e-01
9.043769836425781250e-01
9.034343957901000977e-01
9.054544568061828613e-01
9.082828760147094727e-01
8.982491493225097656e-01
9.100337028503417969e-01
8.970371484756469727e-01
8.986532092094421387e-01
9.123905897140502930e-01
9.186531901359558105e-01
9.057238698005676270e-01
8.917844891548156738e-01
9.104377031326293945e-01
8.927946090698242188e-01
9.154882431030273438e-01
9.088214635848999023e-01
8.991246223449707031e-01
8.983165025711059570e-01
9.049831628799438477e-01
9.045118093490600586e-01
9.020201563835144043e-01
8.891582489013671875e-01
9.119192361831665039e-01
9.146801233291625977e-01
9.046465158462524414e-01
9.077441096305847168e-01
9.072726964950561523e-01
8.979798555374145508e-01
9.086195230484008789e-01
9.104377627372741699e-01
9.070707559585571289e-01
9.072054624557495117e-01
9.106397628784179688e-01
9.054545164108276367e-01
9.178451299667358398e-01
9.041077494621276855e-01
9.094275236129760742e-01
8.934006690979003906e-01
9.058585166931152344e-01
8.957576751708984375e-01
9.032322764396667480e-01
8.975757360458374023e-01
9.026262164115905762e-01
9.027609825134277344e-01
9.100337028503417969e-01
9.023568034172058105e-01
9.036363363265991211e-01
9.153535962104797363e-01
9.223569035530090332e-01
8.992592096328735352e-01
8.940740823745727539e-01
9.005388021469116211e-01
9.055892229080200195e-01
9.044445157051086426e-01
9.051851034164428711e-01
9.032322764396667480e-01
9.076094627380371094e-01
9.189899563789367676e-01
9.148820638656616211e-01
9.124579429626464844e-01
9.099662899971008301e-01
9.156902432441711426e-01
9.036364555358886719e-01
9.014140963554382324e-01
9.167677164077758789e-01
9.137374758720397949e-01
9.101010560989379883e-01
9.084175229072570801e-01
9.082154035568237305e-01
9.144107699394226074e-01
9.078114628791809082e-01
9.139394760131835938e-01
9.010773897171020508e-01
9.100335836410522461e-01
9.059259295463562012e-01
9.132660031318664551e-01
9.096970558166503906e-01
9.148148298263549805e-01
9.119865298271179199e-01
9.101009368896484375e-01
8.979798555374145508e-01
9.077440500259399414e-01
9.020202755928039551e-01
9.117171168327331543e-01
9.006059765815734863e-01
9.022222757339477539e-01
9.114478230476379395e-01
9.113804697990417480e-01
8.976430892944335938e-01
8.965655565261840820e-01
9.055892825126647949e-01
9.071379899978637695e-01
9.197306632995605469e-01
9.126599431037902832e-01
9.088214635848999023e-01
9.020875096321105957e-01
9.041077494621276855e-01
9.151514768600463867e-01
9.066666364669799805e-01
9.045118093490600586e-01
9.134680628776550293e-01
9.161615371704101562e-01
9.055218696594238281e-01
9.199999570846557617e-01
9.158923029899597168e-01
9.142087101936340332e-01
9.100337028503417969e-01
9.029629826545715332e-01
9.013468027114868164e-01
8.991246223449707031e-01
8.990572094917297363e-01
9.043097496032714844e-01
9.026936292648315430e-01
9.124579429626464844e-01
9.122559428215026855e-01
9.060605764389038086e-01
9.175084829330444336e-01
9.063973426818847656e-01
9.206734895706176758e-01
8.999325633049011230e-01
9.020875692367553711e-01
9.187205433845520020e-01
9.162290692329406738e-01
9.140067100524902344e-01
9.145454168319702148e-01
9.059932827949523926e-01
9.175084233283996582e-01
9.098989367485046387e-01
9.049831628799438477e-01
9.098990559577941895e-01
9.015487432479858398e-01
9.133332967758178711e-01
9.107744097709655762e-01
9.041751027107238770e-01
9.206733703613281250e-01
9.218854904174804688e-01
9.120538830757141113e-01
9.226935505867004395e-01
9.180471301078796387e-01
9.127272367477416992e-01
9.241077303886413574e-01
9.150168299674987793e-01
9.071380496025085449e-01
9.118518829345703125e-01
9.135352969169616699e-01
9.187878370285034180e-01
9.171716570854187012e-01
9.090909957885742188e-01
9.145454168319702148e-01
9.123905897140502930e-01
9.090908765792846680e-01
9.085521697998046875e-01
9.154882431030273438e-01
9.073400497436523438e-01
9.156228899955749512e-01
9.034343957901000977e-01
9.006733894348144531e-01
9.187879562377929688e-01
9.124579429626464844e-01
9.129966497421264648e-01
9.036363363265991211e-01
9.154208898544311523e-01
9.090234637260437012e-01
9.148820638656616211e-01
9.119865298271179199e-01
9.187878370285034180e-01
9.147474169731140137e-01
9.157575368881225586e-01
9.090908765792846680e-01
9.074074625968933105e-01
9.173064231872558594e-01
9.224243164062500000e-01
9.101010560989379883e-01
9.110437631607055664e-01
9.115150570869445801e-01
9.202020764350891113e-01
9.188551902770996094e-01
9.085521697998046875e-01
9.107071161270141602e-01
9.148147702217102051e-01
9.035690426826477051e-01
9.193266034126281738e-01
9.148148298263549805e-01
9.156228899955749512e-01
9.122558832168579102e-01
9.131313562393188477e-01
9.148820638656616211e-01
9.185857772827148438e-01
9.216161966323852539e-01
9.126599431037902832e-01
9.140068292617797852e-01
9.232996702194213867e-01
9.273400306701660156e-01
9.117172360420227051e-01
9.204040765762329102e-01
9.179798364639282227e-01
9.097642898559570312e-01
9.119864702224731445e-01
9.095622897148132324e-01
9.153535962104797363e-01
9.140067100524902344e-01
9.242423772811889648e-01
9.092255830764770508e-01
9.125925302505493164e-01
9.173064231872558594e-01
9.014815092086791992e-01
9.122559428215026855e-01
9.086868166923522949e-01
9.142087101936340332e-01
9.054545164108276367e-01
9.117172360420227051e-01
9.209427833557128906e-01
9.061279296875000000e-01
9.192592501640319824e-01
9.188551902770996094e-01
9.136699438095092773e-01
9.035690426826477051e-01
9.254544973373413086e-01
9.175084233283996582e-01
9.140068292617797852e-01
9.059259295463562012e-01
9.156902432441711426e-01
9.179798364639282227e-01
9.201346635818481445e-01
9.189226031303405762e-01
9.286195635795593262e-01
9.098989367485046387e-01
9.079461097717285156e-01
9.195286035537719727e-01
9.123231768608093262e-01
9.154208898544311523e-01
9.148148298263549805e-01
9.218181371688842773e-01
9.144107699394226074e-01
9.183838963508605957e-01
9.167003631591796875e-01
9.162963032722473145e-01
9.235016703605651855e-01
9.159596562385559082e-01
9.170371294021606445e-01
9.193938970565795898e-01
9.165657162666320801e-01
9.074748158454895020e-01
9.214141964912414551e-01
9.261280298233032227e-01
9.255218505859375000e-01
9.185185432434082031e-01
9.126598238945007324e-01
9.130640029907226562e-01
9.176430702209472656e-01
9.222895503044128418e-01
9.263299107551574707e-01
9.103704690933227539e-01
9.200673103332519531e-01
9.210101366043090820e-01
9.209426641464233398e-01
9.201346635818481445e-01
9.224915504455566406e-01
9.208754301071166992e-01
9.129293560981750488e-01
9.260605573654174805e-01
9.159596562385559082e-01
9.223569035530090332e-01
9.171044230461120605e-01
9.268687367439270020e-01
9.152861833572387695e-01
9.095622897148132324e-01
9.110437631607055664e-01
9.123905301094055176e-01
9.158248901367187500e-01
9.179797172546386719e-01
9.129293560981750488e-01
9.141414761543273926e-01
9.127945899963378906e-01
9.070034027099609375e-01
9.301683306694030762e-01
9.166330099105834961e-01
9.245117306709289551e-01
9.105724096298217773e-01
9.040404558181762695e-01
9.082828760147094727e-01
9.190572500228881836e-01
9.263299703598022461e-01
9.235017895698547363e-01
9.140067100524902344e-01
9.146801829338073730e-01
9.279462099075317383e-01
9.208753705024719238e-01
9.159596562385559082e-01
9.224241971969604492e-01
9.104377031326293945e-01
9.161616563796997070e-01
9.136027097702026367e-01
9.187205433845520020e-01
9.170371294021606445e-01
9.093602299690246582e-01
9.201347231864929199e-01
9.270706176757812500e-01
9.204041361808776855e-01
9.133334159851074219e-01
9.197980165481567383e-01
9.194612503051757812e-01
9.209426641464233398e-01
9.189898371696472168e-01
9.175757169723510742e-01
9.103029966354370117e-01
9.235690236091613770e-01
9.228281974792480469e-01
9.134680032730102539e-01
9.185185432434082031e-01
9.152188301086425781e-01
9.148147702217102051e-01
9.121885299682617188e-01
9.216161966323852539e-01
9.172390699386596680e-01
9.127945899963378906e-01
9.113130569458007812e-01
9.234342575073242188e-01
9.103703498840332031e-01
9.160943031311035156e-01
9.178451299667358398e-01
9.061952829360961914e-01
9.236364364624023438e-01
9.245117306709289551e-01
9.189226031303405762e-01
9.194612503051757812e-01
9.144107699394226074e-01
9.220874905586242676e-01
9.240404367446899414e-01
9.241750836372375488e-01
9.215488433837890625e-01
9.122558832168579102e-01
9.276093244552612305e-01
9.121211767196655273e-01
9.127945899963378906e-01
9.168350100517272949e-01
9.159595370292663574e-01
9.239057302474975586e-01
9.141414761543273926e-01
9.213467836380004883e-01
9.177778363227844238e-01
9.103703498840332031e-01
9.205387234687805176e-01
9.200673103332519531e-01
9.222895503044128418e-01
9.273401498794555664e-01
9.272054433822631836e-01
9.127945899963378906e-01
9.188551902770996094e-01
9.206733703613281250e-01
9.171717762947082520e-01
9.193938970565795898e-01
9.204040765762329102e-01
9.185185432434082031e-01
9.259259104728698730e-01
9.210773706436157227e-01
9.191246032714843750e-01
9.101683497428894043e-01
9.178450703620910645e-01
9.156228899955749512e-01
9.217508435249328613e-01
9.200000762939453125e-01
9.137374162673950195e-01
9.204040765762329102e-01
9.191246032714843750e-01
9.190572500228881836e-01
9.204040765762329102e-01
9.203367233276367188e-01
9.241750836372375488e-01
9.335352778434753418e-01
9.250505566596984863e-01
9.157575368881225586e-01
9.238384366035461426e-01
9.142087101936340332e-01
9.169023633003234863e-01
9.262625575065612793e-01
9.239730834960937500e-01
9.183838963508605957e-01
9.144107699394226074e-01
9.230976104736328125e-01
9.309090375900268555e-01
9.189225435256958008e-01
9.313804507255554199e-01
9.195960164070129395e-01
9.171043634414672852e-01
9.270706176757812500e-01
9.158922433853149414e-01
9.191246032714843750e-01
9.159595370292663574e-01
9.278114438056945801e-01
9.181818962097167969e-01
9.234343767166137695e-01
9.166330099105834961e-01
9.209427833557128906e-01
9.278787374496459961e-01
9.224914312362670898e-01
9.311784505844116211e-01
9.251852035522460938e-01
9.193266034126281738e-01
9.195960164070129395e-01
9.250504374504089355e-01
9.253872036933898926e-01
9.257912635803222656e-01
9.339393377304077148e-01
9.131985902786254883e-01
9.204714894294738770e-01
9.186531901359558105e-01
9.260606765747070312e-01
9.167677164077758789e-01
9.213467836380004883e-01
9.286195039749145508e-01
9.247811436653137207e-01
9.230976104736328125e-01
9.296969175338745117e-01
9.206733703613281250e-01
9.204713702201843262e-01
9.261279106140136719e-01
9.205387234687805176e-01
9.260604977607727051e-01
9.340740442276000977e-01
9.249159097671508789e-01
9.193266034126281738e-01
9.230974912643432617e-01
9.247137904167175293e-01
9.288889169692993164e-01
9.220202565193176270e-01
9.294276237487792969e-01
9.224916696548461914e-01
9.352862238883972168e-01
9.230976104736328125e-01
9.154208302497863770e-01
9.168350100517272949e-01
9.197305440902709961e-01
9.219528436660766602e-01
9.243771433830261230e-01
9.128619432449340820e-01
9.163635969161987305e-01
9.263299703598022461e-01
9.200000762939453125e-01
9.303029775619506836e-01
9.360269308090209961e-01
9.226936101913452148e-01
9.172390699386596680e-01
9.242423772811889648e-01
9.370369911193847656e-01
9.211446642875671387e-01
9.133332967758178711e-01
9.237710833549499512e-01
9.208754301071166992e-01
9.317845106124877930e-01
9.348148107528686523e-01
9.094276428222656250e-01
9.173737764358520508e-01
9.187878370285034180e-01
9.210774302482604980e-01
9.300335645675659180e-01
9.287541508674621582e-01
9.174410700798034668e-01
9.285521507263183594e-01
9.199325442314147949e-01
9.074746966361999512e-01
9.283501505851745605e-01
9.178450703620910645e-01
9.296969175338745117e-01
