7.227724790573120117e-01
7.010952234268188477e-01
6.795595884323120117e-01
6.515592932701110840e-01
6.379292607307434082e-01
6.257911920547485352e-01
6.244181394577026367e-01
6.229054927825927734e-01
5.912019014358520508e-01
6.000582575798034668e-01
6.072688698768615723e-01
5.904568433761596680e-01
5.876395106315612793e-01
6.212972402572631836e-01
6.102740168571472168e-01
6.050738096237182617e-01
5.908759236335754395e-01
5.708038210868835449e-01
5.913988947868347168e-01
5.974231958389282227e-01
5.920758247375488281e-01
5.823076963424682617e-01
5.582822561264038086e-01
5.870779752731323242e-01
5.727415084838867188e-01
5.927768349647521973e-01
5.821844339370727539e-01
5.793806314468383789e-01
5.556448698043823242e-01
5.784257054328918457e-01
5.580321550369262695e-01
5.659213066101074219e-01
5.691826939582824707e-01
5.594887733459472656e-01
5.602289438247680664e-01
5.549667477607727051e-01
5.612353682518005371e-01
5.448845028877258301e-01
5.554004907608032227e-01
5.496317148208618164e-01
5.594173669815063477e-01
5.444424152374267578e-01
5.585618615150451660e-01
5.350136756896972656e-01
5.344601273536682129e-01
5.440290570259094238e-01
5.497810840606689453e-01
5.255937576293945312e-01
5.265825390815734863e-01
5.456525087356567383e-01
5.395000576972961426e-01
5.255510210990905762e-01
5.448123216629028320e-01
5.151417255401611328e-01
5.144575834274291992e-01
5.243470072746276855e-01
5.282779932022094727e-01
5.195369124412536621e-01
5.068193674087524414e-01
5.003302693367004395e-01
5.040708780288696289e-01
5.092416405677795410e-01
5.196362733840942383e-01
5.097562074661254883e-01
5.052341818809509277e-01
5.035664439201354980e-01
4.910532534122467041e-01
4.894696176052093506e-01
5.070731043815612793e-01
4.977284073829650879e-01
4.743496775627136230e-01
4.933556020259857178e-01
4.714686870574951172e-01
4.921035766601562500e-01
4.727493226528167725e-01
4.818826615810394287e-01
4.743979573249816895e-01
4.815075397491455078e-01
4.620842039585113525e-01
4.855697751045227051e-01
4.629998207092285156e-01
4.688730239868164062e-01
4.614660143852233887e-01
4.847618043422698975e-01
4.694369435310363770e-01
4.769102931022644043e-01
4.587916433811187744e-01
4.563341140747070312e-01
4.620954096317291260e-01
4.633141458034515381e-01
4.713689684867858887e-01
4.541826844215393066e-01
4.576568603515625000e-01
4.696733355522155762e-01
4.563547074794769287e-01
4.425435066223144531e-01
4.507397711277008057e-01
4.509119093418121338e-01
4.578790664672851562e-01
4.584995210170745850e-01
4.341715276241302490e-01
4.331715703010559082e-01
4.542818963527679443e-01
4.114130139350891113e-01
4.255553781986236572e-01
4.375432431697845459e-01
4.194862246513366699e-01
4.316102564334869385e-01
4.350911974906921387e-01
4.380694329738616943e-01
4.188303947448730469e-01
4.326273798942565918e-01
4.118361473083496094e-01
4.200989305973052979e-01
4.110864996910095215e-01
4.290856719017028809e-01
4.281848371028900146e-01
4.425361156463623047e-01
4.202586710453033447e-01
4.194267690181732178e-01
4.177567958831787109e-01
4.117538034915924072e-01
4.203854203224182129e-01
3.971844315528869629e-01
4.019165039062500000e-01
4.132585525512695312e-01
4.025278091430664062e-01
4.095908105373382568e-01
4.063399434089660645e-01
4.151874482631683350e-01
4.073764383792877197e-01
3.856922686100006104e-01
3.847602009773254395e-01
3.964165747165679932e-01
3.995960652828216553e-01
3.835826516151428223e-01
4.195971488952636719e-01
3.771966397762298584e-01
3.886002302169799805e-01
3.777190148830413818e-01
3.943458497524261475e-01
3.929007351398468018e-01
4.039457738399505615e-01
3.627829253673553467e-01
3.826926946640014648e-01
3.890987932682037354e-01
3.955627083778381348e-01
3.763774931430816650e-01
3.940037786960601807e-01
3.654957711696624756e-01
3.666274845600128174e-01
3.882993459701538086e-01
3.562889397144317627e-01
3.556737303733825684e-01
3.533324301242828369e-01
3.736048936843872070e-01
3.635678589344024658e-01
3.730549216270446777e-01
3.633756339550018311e-01
3.572526574134826660e-01
3.599067330360412598e-01
3.767666816711425781e-01
3.689201474189758301e-01
3.530695438385009766e-01
3.475053012371063232e-01
3.652205169200897217e-01
3.572489619255065918e-01
3.610741496086120605e-01
3.689870834350585938e-01
3.490624725818634033e-01
3.564795553684234619e-01
3.424792885780334473e-01
3.438512384891510010e-01
3.653137087821960449e-01
3.468933105468750000e-01
3.580258488655090332e-01
3.435832560062408447e-01
3.615964055061340332e-01
3.525908589363098145e-01
3.545880317687988281e-01
3.513125777244567871e-01
3.424538969993591309e-01
3.376069366931915283e-01
3.646475672721862793e-01
3.387710452079772949e-01
3.300541043281555176e-01
3.410577178001403809e-01
3.451430201530456543e-01
3.266772329807281494e-01
3.304790854454040527e-01
3.375029563903808594e-01
3.377688527107238770e-01
3.464810252189636230e-01
3.284318149089813232e-01
3.368343412876129150e-01
3.335195779800415039e-01
3.295730650424957275e-01
3.350455462932586670e-01
3.128359615802764893e-01
3.404377698898315430e-01
3.323366045951843262e-01
3.308905959129333496e-01
3.264391720294952393e-01
3.440847694873809814e-01
3.258335888385772705e-01
3.384659290313720703e-01
3.140349686145782471e-01
3.462892472743988037e-01
3.312152624130249023e-01
3.242241740226745605e-01
3.331004083156585693e-01
3.492326140403747559e-01
3.185468316078186035e-01
3.126780092716217041e-01
2.961836159229278564e-01
3.234133124351501465e-01
3.237289786338806152e-01
3.140763342380523682e-01
3.224043548107147217e-01
3.346723914146423340e-01
3.128835260868072510e-01
3.116772472858428955e-01
3.156669735908508301e-01
3.345192074775695801e-01
2.965182662010192871e-01
3.098704218864440918e-01
3.218109011650085449e-01
3.163978457450866699e-01
3.141185939311981201e-01
2.990501224994659424e-01
3.215743899345397949e-01
3.021260499954223633e-01
2.994376718997955322e-01
3.297604918479919434e-01
3.121917843818664551e-01
2.951968312263488770e-01
2.879036366939544678e-01
2.968644499778747559e-01
3.204226195812225342e-01
3.330582976341247559e-01
2.939674854278564453e-01
3.096921443939208984e-01
3.104874491691589355e-01
2.960408031940460205e-01
3.176077008247375488e-01
2.938740849494934082e-01
2.944125831127166748e-01
3.056729435920715332e-01
3.127169311046600342e-01
3.003462851047515869e-01
3.101502656936645508e-01
2.941733598709106445e-01
2.902927100658416748e-01
3.120009005069732666e-01
2.997321784496307373e-01
3.067983090877532959e-01
3.094760775566101074e-01
3.060893118381500244e-01
3.063491880893707275e-01
3.038808107376098633e-01
2.844321131706237793e-01
2.999397218227386475e-01
2.774508297443389893e-01
3.009122312068939209e-01
2.999619841575622559e-01
3.048224151134490967e-01
2.815574109554290771e-01
2.897052168846130371e-01
2.844938039779663086e-01
2.998754382133483887e-01
3.021734654903411865e-01
2.907150685787200928e-01
2.761124968528747559e-01
2.779027223587036133e-01
2.682619690895080566e-01
3.041039109230041504e-01
2.984509766101837158e-01
2.782748639583587646e-01
2.823738455772399902e-01
2.841020226478576660e-01
2.948449254035949707e-01
2.909280359745025635e-01
2.908449172973632812e-01
2.844246923923492432e-01
3.015118539333343506e-01
2.862151563167572021e-01
2.760784626007080078e-01
2.855716049671173096e-01
2.916650474071502686e-01
2.676041424274444580e-01
2.843194901943206787e-01
2.909930646419525146e-01
2.688739895820617676e-01
2.721540331840515137e-01
2.816168665885925293e-01
2.687586247920989990e-01
2.833918631076812744e-01
2.655050158500671387e-01
2.752709388732910156e-01
2.879906892776489258e-01
2.848939299583435059e-01
2.737063169479370117e-01
2.783915400505065918e-01
2.764084935188293457e-01
2.733887732028961182e-01
2.919147312641143799e-01
2.882005572319030762e-01
2.794000804424285889e-01
2.550502121448516846e-01
2.802061140537261963e-01
2.785422205924987793e-01
2.908561229705810547e-01
2.849849462509155273e-01
2.714995443820953369e-01
2.852475941181182861e-01
2.909824848175048828e-01
2.615300118923187256e-01
2.631511390209197998e-01
2.885891795158386230e-01
2.504695653915405273e-01
2.668393850326538086e-01
3.113452792167663574e-01
2.903146147727966309e-01
2.653634846210479736e-01
3.006584942340850830e-01
2.733990848064422607e-01
2.887986898422241211e-01
2.683628201484680176e-01
2.582611441612243652e-01
2.867373526096343994e-01
2.863350212574005127e-01
2.670096158981323242e-01
2.583487033843994141e-01
2.676143944263458252e-01
2.751054167747497559e-01
2.648802399635314941e-01
2.632606029510498047e-01
2.477979660034179688e-01
2.569664120674133301e-01
2.710679173469543457e-01
2.660091519355773926e-01
2.669895291328430176e-01
2.506308257579803467e-01
2.520147264003753662e-01
2.624956965446472168e-01
2.513161599636077881e-01
2.662371993064880371e-01
2.580071389675140381e-01
2.536894679069519043e-01
2.583687901496887207e-01
2.715579867362976074e-01
2.607283294200897217e-01
2.595864534378051758e-01
2.596067786216735840e-01
2.542200684547424316e-01
2.676686644554138184e-01
2.839453816413879395e-01
2.489283084869384766e-01
2.558711767196655273e-01
2.506028115749359131e-01
2.769441604614257812e-01
2.598652541637420654e-01
2.467461079359054565e-01
2.610934674739837646e-01
2.543284296989440918e-01
2.784147262573242188e-01
2.644234597682952881e-01
2.442980110645294189e-01
2.512673735618591309e-01
2.591731548309326172e-01
2.702762186527252197e-01
2.669877111911773682e-01
2.633752524852752686e-01
2.644571363925933838e-01
2.609777748584747314e-01
2.380765974521636963e-01
2.380556762218475342e-01
2.514568269252777100e-01
2.578679323196411133e-01
2.387769222259521484e-01
2.500076889991760254e-01
2.637473940849304199e-01
2.359562367200851440e-01
2.455296218395233154e-01
2.506673634052276611e-01
2.594396471977233887e-01
2.583540678024291992e-01
2.470203191041946411e-01
2.314291000366210938e-01
2.457402646541595459e-01
2.456522881984710693e-01
2.799020707607269287e-01
2.568908631801605225e-01
2.584783434867858887e-01
2.684337496757507324e-01
2.279928624629974365e-01
2.696715295314788818e-01
2.685989439487457275e-01
2.353035658597946167e-01
2.539664208889007568e-01
2.629818618297576904e-01
2.529652714729309082e-01
2.589796185493469238e-01
2.727097868919372559e-01
2.526996135711669922e-01
2.547339797019958496e-01
2.578850984573364258e-01
2.670741081237792969e-01
2.634565532207489014e-01
2.617117762565612793e-01
2.444359809160232544e-01
2.530800104141235352e-01
2.707743644714355469e-01
2.419522702693939209e-01
2.533875107765197754e-01
2.473599016666412354e-01
2.642168700695037842e-01
2.652315199375152588e-01
2.408294975757598877e-01
2.576876282691955566e-01
2.497055232524871826e-01
2.606683373451232910e-01
2.439536750316619873e-01
2.554602921009063721e-01
2.385571897029876709e-01
2.552661895751953125e-01
2.471975833177566528e-01
2.637853026390075684e-01
2.369281351566314697e-01
2.454677522182464600e-01
2.450457066297531128e-01
2.466113865375518799e-01
2.287891805171966553e-01
2.528265118598937988e-01
2.357405424118041992e-01
2.203148305416107178e-01
2.502391040325164795e-01
2.314359247684478760e-01
2.734085917472839355e-01
2.338472902774810791e-01
2.433148324489593506e-01
2.463604211807250977e-01
2.504278123378753662e-01
2.576478123664855957e-01
2.274182587862014771e-01
2.537639737129211426e-01
2.509107291698455811e-01
2.601059675216674805e-01
2.460836470127105713e-01
2.358631640672683716e-01
2.324388027191162109e-01
2.422233819961547852e-01
2.376165091991424561e-01
2.519378364086151123e-01
2.404609620571136475e-01
2.359115183353424072e-01
2.602686882019042969e-01
2.415066957473754883e-01
2.369579374790191650e-01
2.424274981021881104e-01
2.291756123304367065e-01
2.402024269104003906e-01
2.417584359645843506e-01
2.616921365261077881e-01
2.258043736219406128e-01
2.486755847930908203e-01
2.462110817432403564e-01
2.410704195499420166e-01
2.249536812305450439e-01
2.464407384395599365e-01
2.252552807331085205e-01
2.242400646209716797e-01
2.306468933820724487e-01
2.461411207914352417e-01
2.498243749141693115e-01
2.261321097612380981e-01
2.408672124147415161e-01
2.314368188381195068e-01
2.414973676204681396e-01
2.194562703371047974e-01
2.428748607635498047e-01
2.324177324771881104e-01
2.363669872283935547e-01
2.446705847978591919e-01
2.250263392925262451e-01
2.301577031612396240e-01
2.321560382843017578e-01
2.463984936475753784e-01
2.295824587345123291e-01
2.422828227281570435e-01
2.180556803941726685e-01
2.297457903623580933e-01
2.300787717103958130e-01
2.225952893495559692e-01
2.259439975023269653e-01
2.314996272325515747e-01
2.331365346908569336e-01
2.443139106035232544e-01
2.196226567029953003e-01
2.445744723081588745e-01
2.332318276166915894e-01
2.383524626493453979e-01
2.466178834438323975e-01
2.414095401763916016e-01
2.397696226835250854e-01
2.377510070800781250e-01
2.416680753231048584e-01
2.225908786058425903e-01
2.290532141923904419e-01
2.280999422073364258e-01
2.282404601573944092e-01
2.409351617097854614e-01
2.273894548416137695e-01
2.484788000583648682e-01
2.282416373491287231e-01
2.295517623424530029e-01
2.319878786802291870e-01
2.325626909732818604e-01
2.417061775922775269e-01
2.472445517778396606e-01
2.178607881069183350e-01
2.454140484333038330e-01
2.248783558607101440e-01
2.148239165544509888e-01
2.229521721601486206e-01
2.253522425889968872e-01
2.266177386045455933e-01
2.278126031160354614e-01
2.333527356386184692e-01
2.281059771776199341e-01
2.253671884536743164e-01
2.147131860256195068e-01
2.321133315563201904e-01
2.199680507183074951e-01
2.209130525588989258e-01
2.281275540590286255e-01
2.379399836063385010e-01
2.251892983913421631e-01
2.253406345844268799e-01
2.299849539995193481e-01
2.244606316089630127e-01
2.383128702640533447e-01
2.136893719434738159e-01
2.366264760494232178e-01
2.411605566740036011e-01
2.223407328128814697e-01
2.126312702894210815e-01
2.347622215747833252e-01
2.472247630357742310e-01
2.208590060472488403e-01
2.454425394535064697e-01
2.067709714174270630e-01
2.220435142517089844e-01
2.359673976898193359e-01
2.354267835617065430e-01
2.242304384708404541e-01
2.294130623340606689e-01
2.329333722591400146e-01
2.584363818168640137e-01
2.171909809112548828e-01
2.128425091505050659e-01
2.326703965663909912e-01
2.219218462705612183e-01
2.301647365093231201e-01
2.428216040134429932e-01
2.203900367021560669e-01
2.190054655075073242e-01
2.197511643171310425e-01
2.197020351886749268e-01
2.158979475498199463e-01
2.250344306230545044e-01
2.110236883163452148e-01
2.304383814334869385e-01
2.154268771409988403e-01
2.658481299877166748e-01
2.275200337171554565e-01
2.466742992401123047e-01
2.372200936079025269e-01
2.407073974609375000e-01
2.374292165040969849e-01
2.267316877841949463e-01
2.213864326477050781e-01
2.332605421543121338e-01
2.263597697019577026e-01
2.101174145936965942e-01
2.000742405652999878e-01
2.472639083862304688e-01
2.461138665676116943e-01
2.311687022447586060e-01
2.289628237485885620e-01
2.166799008846282959e-01
2.258765399456024170e-01
2.347582280635833740e-01
2.226039171218872070e-01
2.076419293880462646e-01
2.112402170896530151e-01
2.101921588182449341e-01
2.141765058040618896e-01
2.099668532609939575e-01
2.353142797946929932e-01
2.301472723484039307e-01
2.097735404968261719e-01
2.142118513584136963e-01
2.234678268432617188e-01
2.178150713443756104e-01
2.215531319379806519e-01
2.112478315830230713e-01
2.187456786632537842e-01
2.147820740938186646e-01
2.354997098445892334e-01
2.193909138441085815e-01
2.141496390104293823e-01
2.116986960172653198e-01
2.238853424787521362e-01
2.150259017944335938e-01
2.147618830204010010e-01
2.258373796939849854e-01
2.371429502964019775e-01
2.223699837923049927e-01
2.314685285091400146e-01
2.091147601604461670e-01
2.248595207929611206e-01
2.360076010227203369e-01
2.123472988605499268e-01
2.149905711412429810e-01
2.506363093852996826e-01
2.378232777118682861e-01
2.193837165832519531e-01
2.195611000061035156e-01
2.036220133304595947e-01
2.175653427839279175e-01
2.189182043075561523e-01
2.330177128314971924e-01
2.231180220842361450e-01
2.136530578136444092e-01
2.218347042798995972e-01
2.277188748121261597e-01
2.105592489242553711e-01
2.131390571594238281e-01
2.200707495212554932e-01
1.980729103088378906e-01
2.082357704639434814e-01
2.109535038471221924e-01
2.230565100908279419e-01
2.313304394483566284e-01
2.273917943239212036e-01
2.403405457735061646e-01
2.363851368427276611e-01
2.340063154697418213e-01
2.326209992170333862e-01
2.124047577381134033e-01
2.143198549747467041e-01
2.271892726421356201e-01
2.112831622362136841e-01
2.233976423740386963e-01
2.009868919849395752e-01
2.338852584362030029e-01
2.300418168306350708e-01
2.025411128997802734e-01
2.097314298152923584e-01
2.117666453123092651e-01
2.083793580532073975e-01
2.193333804607391357e-01
2.008817195892333984e-01
2.187395393848419189e-01
2.199532538652420044e-01
2.075576335191726685e-01
2.263597995042800903e-01
2.142543494701385498e-01
2.094349414110183716e-01
2.316039055585861206e-01
2.028518617153167725e-01
1.952913254499435425e-01
2.101027965545654297e-01
1.943359524011611938e-01
2.092923223972320557e-01
2.072264701128005981e-01
1.848534345626831055e-01
2.061161249876022339e-01
2.207200527191162109e-01
2.148555815219879150e-01
2.109915912151336670e-01
2.027864456176757812e-01
2.018050849437713623e-01
2.130993902683258057e-01
2.128848284482955933e-01
2.186977863311767578e-01
2.151613533496856689e-01
2.212684154510498047e-01
2.020715177059173584e-01
2.173862904310226440e-01
2.048611193895339966e-01
2.292640507221221924e-01
2.338711768388748169e-01
2.065900862216949463e-01
2.117803543806076050e-01
2.148859053850173950e-01
2.174994945526123047e-01
2.091995924711227417e-01
2.188374996185302734e-01
2.055989503860473633e-01
2.169375121593475342e-01
2.062012255191802979e-01
2.084081918001174927e-01
2.079920023679733276e-01
2.098068892955780029e-01
2.181700915098190308e-01
1.968869566917419434e-01
1.993660628795623779e-01
2.055762559175491333e-01
2.052950859069824219e-01
2.132207602262496948e-01
1.995015442371368408e-01
2.015310823917388916e-01
2.201312333345413208e-01
2.142125815153121948e-01
2.087724953889846802e-01
2.298767268657684326e-01
2.089064419269561768e-01
2.024599313735961914e-01
2.097629755735397339e-01
2.087699472904205322e-01
2.103392332792282104e-01
2.089283168315887451e-01
1.994917839765548706e-01
1.977647393941879272e-01
2.043524533510208130e-01
2.126493901014328003e-01
1.952540278434753418e-01
1.880607306957244873e-01
2.148849666118621826e-01
1.976272463798522949e-01
2.060789614915847778e-01
2.146203964948654175e-01
2.057176083326339722e-01
2.130781114101409912e-01
2.068682163953781128e-01
2.058104723691940308e-01
1.917716115713119507e-01
2.160602062940597534e-01
2.016257345676422119e-01
2.001370489597320557e-01
2.251428663730621338e-01
2.182445079088211060e-01
2.128237187862396240e-01
2.094829529523849487e-01
2.240941971540451050e-01
2.138354033231735229e-01
1.911909282207489014e-01
2.213646173477172852e-01
1.976772397756576538e-01
2.023235857486724854e-01
2.083443403244018555e-01
2.219106703996658325e-01
1.904084682464599609e-01
2.049008160829544067e-01
2.107718884944915771e-01
2.218786478042602539e-01
2.090947329998016357e-01
2.010460644960403442e-01
1.925902813673019409e-01
2.029855996370315552e-01
1.835047006607055664e-01
2.205346077680587769e-01
2.140664309263229370e-01
2.063018381595611572e-01
2.101406157016754150e-01
2.026161700487136841e-01
1.991124600172042847e-01
1.951726377010345459e-01
2.013084590435028076e-01
2.079174071550369263e-01
2.001971751451492310e-01
2.089759111404418945e-01
1.925249844789505005e-01
1.975149065256118774e-01
2.036734074354171753e-01
2.021017521619796753e-01
2.014574557542800903e-01
2.206487953662872314e-01
1.906834244728088379e-01
1.842477619647979736e-01
1.865303516387939453e-01
1.998551189899444580e-01
2.062016427516937256e-01
2.116718590259552002e-01
2.067281007766723633e-01
1.887874007225036621e-01
1.899696290493011475e-01
2.170956879854202271e-01
1.882529556751251221e-01
1.970595270395278931e-01
1.957579404115676880e-01
1.994005739688873291e-01
1.891063451766967773e-01
2.010015994310379028e-01
2.038698941469192505e-01
1.842952072620391846e-01
1.988800615072250366e-01
1.880630999803543091e-01
2.044075280427932739e-01
1.906460076570510864e-01
1.954776048660278320e-01
2.118305712938308716e-01
2.061369717121124268e-01
2.096034735441207886e-01
2.057239711284637451e-01
1.966066360473632812e-01
2.060535252094268799e-01
2.005269080400466919e-01
2.118444740772247314e-01
2.139481604099273682e-01
1.764095872640609741e-01
2.072394341230392456e-01
1.879048198461532593e-01
2.174660712480545044e-01
2.178726196289062500e-01
2.141557484865188599e-01
1.933901160955429077e-01
1.855108439922332764e-01
1.867651641368865967e-01
2.046369016170501709e-01
2.066552937030792236e-01
1.779096871614456177e-01
1.870437562465667725e-01
1.983552277088165283e-01
1.943493038415908813e-01
2.145189493894577026e-01
1.962642073631286621e-01
1.985779255628585815e-01
1.977745294570922852e-01
1.979434639215469360e-01
2.170169353485107422e-01
1.956534385681152344e-01
1.815394163131713867e-01
1.948914527893066406e-01
2.120897769927978516e-01
1.980387270450592041e-01
1.944918334484100342e-01
1.865748465061187744e-01
1.923495531082153320e-01
2.021277248859405518e-01
2.262149602174758911e-01
1.857563555240631104e-01
1.937661617994308472e-01
2.030183374881744385e-01
2.058284729719161987e-01
2.058366239070892334e-01
2.004667967557907104e-01
2.070390731096267700e-01
1.932520270347595215e-01
1.995209604501724243e-01
2.092069387435913086e-01
2.206465452909469604e-01
1.913299113512039185e-01
2.158967554569244385e-01
1.993994861841201782e-01
1.972684860229492188e-01
2.230314761400222778e-01
1.911866366863250732e-01
1.883771866559982300e-01
1.935667693614959717e-01
2.007600814104080200e-01
2.049924433231353760e-01
1.928146332502365112e-01
1.892438232898712158e-01
1.890283674001693726e-01
1.876233667135238647e-01
2.095760852098464966e-01
1.815555840730667114e-01
2.103200256824493408e-01
1.983035802841186523e-01
2.020516097545623779e-01
2.063716948032379150e-01
1.834358125925064087e-01
2.041312456130981445e-01
1.887433826923370361e-01
1.957881450653076172e-01
2.076931297779083252e-01
1.924758851528167725e-01
1.904366314411163330e-01
1.932203024625778198e-01
1.903250515460968018e-01
1.858295500278472900e-01
2.061968296766281128e-01
2.029387503862380981e-01
1.904807388782501221e-01
1.979780197143554688e-01
1.951812207698822021e-01
1.950636506080627441e-01
1.946409344673156738e-01
1.863650083541870117e-01
1.943839937448501587e-01
1.943247914314270020e-01
2.092745751142501831e-01
1.959733515977859497e-01
2.006064206361770630e-01
1.938905119895935059e-01
1.969814598560333252e-01
2.094640284776687622e-01
1.990996301174163818e-01
1.983491480350494385e-01
1.897187680006027222e-01
1.930052936077117920e-01
1.988991796970367432e-01
1.853236109018325806e-01
1.711004674434661865e-01
1.880745291709899902e-01
2.053269445896148682e-01
1.872098445892333984e-01
2.134299278259277344e-01
1.966577172279357910e-01
1.792743206024169922e-01
1.843847334384918213e-01
2.069638520479202271e-01
2.097773998975753784e-01
1.899614632129669189e-01
1.696197241544723511e-01
2.024239599704742432e-01
1.748464256525039673e-01
1.902169585227966309e-01
1.970320940017700195e-01
1.829157918691635132e-01
2.030245363712310791e-01
1.968320459127426147e-01
2.030029296875000000e-01
1.797409355640411377e-01
1.952594816684722900e-01
1.927804648876190186e-01
1.970475763082504272e-01
1.918949782848358154e-01
1.787324696779251099e-01
1.903603821992874146e-01
1.776630133390426636e-01
1.822069585323333740e-01
1.955575197935104370e-01
1.936351060867309570e-01
1.788947433233261108e-01
1.812155693769454956e-01
1.828452944755554199e-01
1.666452437639236450e-01
2.057649642229080200e-01
1.973389238119125366e-01
1.995737254619598389e-01
1.846063584089279175e-01
1.974925547838211060e-01
1.898313313722610474e-01
1.797738522291183472e-01
1.922012269496917725e-01
1.871986836194992065e-01
1.761986017227172852e-01
2.009096890687942505e-01
1.930316388607025146e-01
1.831897497177124023e-01
1.876230537891387939e-01
1.778045892715454102e-01
1.721444427967071533e-01
1.883198320865631104e-01
1.902417391538619995e-01
1.954496204853057861e-01
1.811706572771072388e-01
1.737832874059677124e-01
1.904935538768768311e-01
1.787141710519790649e-01
1.884356290102005005e-01
1.651254594326019287e-01
1.814877241849899292e-01
2.002245932817459106e-01
2.012368440628051758e-01
1.937071382999420166e-01
1.842511296272277832e-01
1.813872456550598145e-01
2.028591185808181763e-01
1.932356655597686768e-01
1.884240508079528809e-01
1.947365999221801758e-01
1.766731441020965576e-01
1.675092577934265137e-01
1.913924515247344971e-01
2.022086381912231445e-01
1.856298893690109253e-01
1.641872376203536987e-01
1.942074000835418701e-01
1.952148973941802979e-01
1.924083381891250610e-01
1.940127462148666382e-01
1.765920668840408325e-01
1.667217314243316650e-01
2.095137089490890503e-01
2.000323235988616943e-01
1.995107680559158325e-01
1.916781216859817505e-01
1.714785248041152954e-01
1.800034344196319580e-01
1.978646665811538696e-01
1.740421801805496216e-01
1.895342916250228882e-01
2.019112557172775269e-01
1.810750067234039307e-01
1.917835175991058350e-01
1.795507222414016724e-01
