6.068013906478881836e-01
6.520538330078125000e-01
6.591919660568237305e-01
6.604713797569274902e-01
6.505050063133239746e-01
6.616834998130798340e-01
6.943434476852416992e-01
6.971043944358825684e-01
7.032324075698852539e-01
7.015488743782043457e-01
6.872727274894714355e-01
6.851851940155029297e-01
6.911784410476684570e-01
7.193266153335571289e-01
6.829630136489868164e-01
7.123232483863830566e-01
6.889562606811523438e-01
7.185858488082885742e-01
7.197979688644409180e-01
7.280134558677673340e-01
7.214814424514770508e-01
7.098316550254821777e-01
7.129966020584106445e-01
7.221548557281494141e-01
7.224242687225341797e-01
7.165656685829162598e-01
7.087541818618774414e-01
7.138047218322753906e-01
7.492929697036743164e-01
7.142760157585144043e-01
7.375757694244384766e-01
7.458585500717163086e-01
7.310438156127929688e-01
7.604714035987854004e-01
7.376431226730346680e-01
7.512458562850952148e-01
7.536026835441589355e-01
7.428956627845764160e-01
7.416834235191345215e-01
7.604714632034301758e-01
7.566330432891845703e-01
7.407407760620117188e-01
7.570369839668273926e-01
7.405387163162231445e-01
7.523232698440551758e-01
7.433670163154602051e-01
7.407406568527221680e-01
7.422222495079040527e-01
7.676094174385070801e-01
7.734680175781250000e-01
7.614814043045043945e-01
7.766329646110534668e-01
7.601346969604492188e-01
7.645790576934814453e-01
7.682155370712280273e-01
7.618855237960815430e-01
7.655892968177795410e-01
7.737373709678649902e-01
7.824915647506713867e-01
7.539393305778503418e-01
7.894276380538940430e-01
7.790572047233581543e-01
7.583838105201721191e-01
7.767003178596496582e-01
7.715824842453002930e-01
7.855892181396484375e-01
7.655218839645385742e-01
7.765656709671020508e-01
7.810774445533752441e-01
7.865319848060607910e-01
7.781144380569458008e-01
7.666666507720947266e-01
7.941414117813110352e-01
7.750168442726135254e-01
7.911784648895263672e-01
7.792593240737915039e-01
7.918518185615539551e-01
7.734679579734802246e-01
7.956228852272033691e-01
7.980471253395080566e-01
7.922558784484863281e-01
7.761615514755249023e-01
8.017508387565612793e-01
7.968350648880004883e-01
7.709764242172241211e-01
8.071380853652954102e-01
7.975758314132690430e-01
7.767003774642944336e-01
8.017508387565612793e-01
7.917171716690063477e-01
7.919864654541015625e-01
8.141414523124694824e-01
8.002020120620727539e-01
7.985858321189880371e-01
8.053871989250183105e-01
7.823569178581237793e-01
8.169696927070617676e-01
8.059932589530944824e-01
8.081480860710144043e-01
8.247811198234558105e-01
8.081480860710144043e-01
7.927946448326110840e-01
8.147474527359008789e-01
8.187878727912902832e-01
8.420875668525695801e-01
8.103030920028686523e-01
8.154882192611694336e-01
8.292255401611328125e-01
8.177103996276855469e-01
8.268687129020690918e-01
8.284848332405090332e-01
8.280134201049804688e-01
8.381818532943725586e-01
8.140066862106323242e-01
8.190572857856750488e-01
8.212121129035949707e-01
8.221548199653625488e-01
8.069360852241516113e-01
8.198652267456054688e-01
8.329965472221374512e-01
8.364983797073364258e-01
8.364982604980468750e-01
8.263972401618957520e-01
8.361616134643554688e-01
8.209427595138549805e-01
8.275420069694519043e-01
8.410100936889648438e-01
8.414815068244934082e-01
8.177777528762817383e-01
8.343434333801269531e-01
8.271380662918090820e-01
8.259932398796081543e-01
8.360269665718078613e-01
8.373063802719116211e-01
8.338047266006469727e-01
8.192592859268188477e-01
8.257239460945129395e-01
8.392592668533325195e-01
8.492929339408874512e-01
8.473401069641113281e-01
8.497643470764160156e-01
8.281481862068176270e-01
8.383165597915649414e-01
8.340741395950317383e-01
8.282828330993652344e-01
8.369696736335754395e-01
8.399999737739562988e-01
8.536700010299682617e-01
8.415488004684448242e-01
8.379123806953430176e-01
8.447811007499694824e-01
8.344106674194335938e-01
8.467339277267456055e-01
8.533332943916320801e-01
8.376430273056030273e-01
8.317171335220336914e-01
8.503030538558959961e-01
8.452525138854980469e-01
8.497643470764160156e-01
8.447138667106628418e-01
8.412793874740600586e-01
8.471380472183227539e-01
8.447138071060180664e-01
8.424242138862609863e-01
8.574410676956176758e-01
8.414141535758972168e-01
8.509091138839721680e-01
8.456565737724304199e-01
8.449832201004028320e-01
8.668686151504516602e-01
8.383837938308715820e-01
8.629630208015441895e-01
8.474074602127075195e-01
8.417509198188781738e-01
8.649158477783203125e-01
8.680135011672973633e-01
8.374410867691040039e-01
8.542087674140930176e-01
8.504377603530883789e-01
8.529966473579406738e-01
8.523232340812683105e-01
8.520538210868835449e-01
8.442423939704895020e-01
8.461953401565551758e-01
8.645117878913879395e-01
8.692929148674011230e-01
8.509764671325683594e-01
8.565656542778015137e-01
8.672053217887878418e-01
8.542087674140930176e-01
8.618181943893432617e-01
8.665993809700012207e-01
8.763636350631713867e-01
8.505724072456359863e-01
8.665319681167602539e-01
8.580471277236938477e-01
8.632996678352355957e-01
8.663972616195678711e-01
8.648484349250793457e-01
8.568350672721862793e-01
8.656564950942993164e-01
8.578451275825500488e-01
8.678115010261535645e-01
8.690235018730163574e-01
8.699663281440734863e-01
8.582491874694824219e-01
8.643097877502441406e-01
8.703030347824096680e-01
8.519865274429321289e-01
8.647810816764831543e-01
8.730639219284057617e-01
8.605387806892395020e-01
8.561615943908691406e-01
8.670706748962402344e-01
8.658584356307983398e-01
8.567003011703491211e-01
8.645117878913879395e-01
8.764309883117675781e-01
8.602020144462585449e-01
8.570370674133300781e-01
8.795286417007446289e-01
8.649832010269165039e-01
8.570370674133300781e-01
8.812121152877807617e-01
8.723906278610229492e-01
8.741413354873657227e-01
8.746801614761352539e-01
8.698316812515258789e-01
8.626262545585632324e-01
8.593265414237976074e-01
8.684848546981811523e-01
8.645118474960327148e-01
8.661278486251831055e-01
8.804714083671569824e-01
8.799999952316284180e-01
8.767002820968627930e-01
8.606060743331909180e-01
8.734680414199829102e-01
8.714477419853210449e-01
8.761616945266723633e-01
8.698316812515258789e-01
8.775756955146789551e-01
8.746801614761352539e-01
8.638383746147155762e-01
8.917845487594604492e-01
8.761615753173828125e-01
8.668013811111450195e-01
8.772390484809875488e-01
8.671380281448364258e-01
8.849158287048339844e-01
8.794612884521484375e-01
8.621548414230346680e-01
8.726598620414733887e-01
8.672054409980773926e-01
8.852524757385253906e-01
8.772390484809875488e-01
8.767676353454589844e-01
8.757575750350952148e-01
8.801345825195312500e-01
8.837037086486816406e-01
8.804039955139160156e-01
8.745454549789428711e-01
8.750168681144714355e-01
8.717845082283020020e-01
8.639730215072631836e-01
8.717171549797058105e-01
8.734680414199829102e-01
8.659259676933288574e-01
8.812794685363769531e-01
8.912458419799804688e-01
8.880134820938110352e-01
8.663299679756164551e-01
8.799999952316284180e-01
8.748822212219238281e-01
8.787205815315246582e-01
8.780471682548522949e-01
8.704377412796020508e-01
8.773736953735351562e-01
8.813468217849731445e-01
8.684847950935363770e-01
8.843771219253540039e-01
8.747475743293762207e-01
8.881481885910034180e-01
8.892256021499633789e-01
8.803366422653198242e-01
8.672727346420288086e-01
8.817508816719055176e-01
8.828282356262207031e-01
8.806059956550598145e-01
8.859933018684387207e-01
8.827608823776245117e-01
8.806060552597045898e-01
8.814815282821655273e-01
8.832322955131530762e-01
8.812120556831359863e-01
8.841751217842102051e-01
8.923233151435852051e-01
8.832322955131530762e-01
8.917171359062194824e-01
8.792592287063598633e-01
8.837710618972778320e-01
8.804713487625122070e-01
8.774411082267761230e-01
8.922559022903442383e-01
8.886869549751281738e-01
8.904377222061157227e-01
8.889562487602233887e-01
8.964309692382812500e-01
8.921211957931518555e-01
8.841077685356140137e-01
8.907071352005004883e-01
8.868013620376586914e-01
8.977777361869812012e-01
9.055892229080200195e-01
8.845117688179016113e-01
8.919864892959594727e-01
8.736026883125305176e-01
8.774410486221313477e-01
8.826262354850769043e-01
8.950842618942260742e-01
8.933332562446594238e-01
8.824915885925292969e-01
8.997980356216430664e-01
8.900337219238281250e-01
8.840404748916625977e-01
8.780471682548522949e-01
8.877441287040710449e-01
8.805386424064636230e-01
8.893603086471557617e-01
8.816835284233093262e-01
8.957575559616088867e-01
8.863299489021301270e-01
8.929292559623718262e-01
8.886868357658386230e-01
8.831650018692016602e-01
8.985184431076049805e-01
8.849158287048339844e-01
8.841750025749206543e-01
8.823569416999816895e-01
9.018855094909667969e-01
8.843771815299987793e-01
8.839057087898254395e-01
8.954882621765136719e-01
8.925251960754394531e-01
8.830302357673645020e-01
8.825589418411254883e-01
8.944107890129089355e-01
8.982491493225097656e-01
8.819528818130493164e-01
8.784512281417846680e-01
8.866666555404663086e-01
8.876767158508300781e-01
8.914478421211242676e-01
8.962963223457336426e-01
8.912458419799804688e-01
8.901683688163757324e-01
8.879461288452148438e-01
8.985185623168945312e-01
8.956228494644165039e-01
8.884175419807434082e-01
8.933333158493041992e-01
8.934006690979003906e-01
8.866666555404663086e-01
8.881481885910034180e-01
8.982492685317993164e-01
8.952862024307250977e-01
9.076768159866333008e-01
8.925926089286804199e-01
8.979798555374145508e-01
8.874747157096862793e-01
8.913131952285766602e-01
8.935354351997375488e-01
8.921885490417480469e-01
8.969023823738098145e-01
8.973737955093383789e-01
8.935354351997375488e-01
8.936026692390441895e-01
8.959595561027526855e-01
8.778451681137084961e-01
9.010774493217468262e-01
8.896969556808471680e-01
8.864647150039672852e-01
8.960269689559936523e-01
8.909090757369995117e-01
9.008081555366516113e-01
9.024242162704467773e-01
8.944782018661499023e-01
8.827610015869140625e-01
8.914478421211242676e-01
8.878787755966186523e-01
8.958922624588012695e-01
9.002019762992858887e-01
8.960942029953002930e-01
9.074074029922485352e-01
8.979125022888183594e-01
9.048483967781066895e-01
8.987205624580383301e-01
8.859933018684387207e-01
8.876768350601196289e-01
8.977778553962707520e-01
8.955556154251098633e-01
9.056566357612609863e-01
8.946126699447631836e-01
8.988552093505859375e-01
8.841077685356140137e-01
8.950168490409851074e-01
8.961616754531860352e-01
9.028956294059753418e-01
9.004713892936706543e-01
9.074074029922485352e-01
8.909090757369995117e-01
9.057912826538085938e-01
8.954882621765136719e-01
8.923906087875366211e-01
8.872727155685424805e-01
9.017507433891296387e-01
8.977104425430297852e-01
8.995286226272583008e-01
8.841077089309692383e-01
8.934005498886108398e-01
8.907744288444519043e-01
8.986532092094421387e-01
9.022222757339477539e-01
9.018855094909667969e-01
9.065321087837219238e-01
8.972390890121459961e-01
9.055218696594238281e-01
8.912458419799804688e-01
8.910437822341918945e-01
8.954881429672241211e-01
8.936027288436889648e-01
8.950842022895812988e-01
9.142761230468750000e-01
9.028283357620239258e-01
9.017508625984191895e-01
8.905051350593566895e-01
9.054546356201171875e-01
8.986532092094421387e-01
8.843097686767578125e-01
8.897643089294433594e-01
9.082827568054199219e-01
9.016162157058715820e-01
9.075420498847961426e-01
9.053198695182800293e-01
9.065319299697875977e-01
8.902357220649719238e-01
9.073400497436523438e-01
9.156228899955749512e-01
9.109090566635131836e-01
8.964983820915222168e-01
9.014815092086791992e-01
9.088888168334960938e-01
9.004713296890258789e-01
8.874747157096862793e-01
9.102357029914855957e-01
9.035016298294067383e-01
9.035690426826477051e-01
8.919191360473632812e-01
8.965657353401184082e-01
8.797979354858398438e-01
9.028956294059753418e-01
8.871380090713500977e-01
9.073400497436523438e-01
9.055218696594238281e-01
9.126599431037902832e-01
9.053871035575866699e-01
8.980470895767211914e-01
8.925926089286804199e-01
8.758248090744018555e-01
9.086195826530456543e-01
9.098316431045532227e-01
9.079461097717285156e-01
9.073400497436523438e-01
8.961616754531860352e-01
8.902357220649719238e-01
9.119865298271179199e-01
8.979798555374145508e-01
9.022221565246582031e-01
9.067341089248657227e-01
8.996633291244506836e-01
8.993939161300659180e-01
9.043771624565124512e-01
9.092928767204284668e-01
8.995960354804992676e-01
8.955556154251098633e-01
9.059258699417114258e-01
9.057912826538085938e-01
9.010100364685058594e-01
9.072054028511047363e-01
9.006735086441040039e-01
9.098317027091979980e-01
8.995960354804992676e-01
9.092256426811218262e-01
9.102357029914855957e-01
9.011448025703430176e-01
9.154208898544311523e-01
9.063973426818847656e-01
8.865992426872253418e-01
9.156902432441711426e-01
9.053199887275695801e-01
8.876094818115234375e-01
8.979125022888183594e-01
9.039729833602905273e-01
9.051851034164428711e-01
8.996632695198059082e-01
8.927272558212280273e-01
9.064646959304809570e-01
9.004713892936706543e-01
9.079461097717285156e-01
8.941413760185241699e-01
9.003367424011230469e-01
9.107744097709655762e-01
9.104377627372741699e-01
9.033670425415039062e-01
9.091583490371704102e-01
9.087541699409484863e-01
8.847810626029968262e-01
8.855218887329101562e-01
9.090908765792846680e-01
9.174410104751586914e-01
8.983839154243469238e-01
8.982491493225097656e-01
8.892254829406738281e-01
8.985859155654907227e-01
9.061952829360961914e-01
8.936700820922851562e-01
8.999999761581420898e-01
9.065993428230285645e-01
9.166330099105834961e-01
9.004713892936706543e-01
9.155555963516235352e-01
9.006733894348144531e-01
9.004713296890258789e-01
9.156228899955749512e-01
8.999999761581420898e-01
9.114477038383483887e-01
9.171717762947082520e-01
9.026262164115905762e-01
9.130638837814331055e-01
9.051178693771362305e-01
8.980470895767211914e-01
9.043098688125610352e-01
9.052524566650390625e-01
8.956902623176574707e-01
9.044443368911743164e-01
9.142087697982788086e-01
9.148821830749511719e-01
9.094949960708618164e-01
9.226263165473937988e-01
9.112458229064941406e-01
9.169697761535644531e-01
9.047811627388000488e-01
8.923905491828918457e-01
9.070707559585571289e-01
8.993266820907592773e-01
9.148148298263549805e-01
9.027609825134277344e-01
9.063972234725952148e-01
8.943433761596679688e-01
8.993940353393554688e-01
9.062625765800476074e-01
9.022895693778991699e-01
9.146801829338073730e-01
8.881481289863586426e-01
8.946127891540527344e-01
9.063299298286437988e-01
9.086868166923522949e-01
9.073400497436523438e-01
9.075421094894409180e-01
9.123231768608093262e-01
9.007408022880554199e-01
9.050504565238952637e-01
9.037711024284362793e-01
8.997306823730468750e-01
9.140067100524902344e-01
9.117171168327331543e-01
9.107069969177246094e-01
9.031649827957153320e-01
9.133334159851074219e-01
9.040404558181762695e-01
9.061952829360961914e-01
9.173737764358520508e-01
9.037036895751953125e-01
9.111784696578979492e-01
9.159595370292663574e-01
9.094950556755065918e-01
9.062625765800476074e-01
9.072726964950561523e-01
9.169023633003234863e-01
9.147475361824035645e-01
9.004713296890258789e-01
9.135354161262512207e-01
9.197978973388671875e-01
9.112458229064941406e-01
9.049158096313476562e-01
9.167675971984863281e-01
9.086868166923522949e-01
8.961616754531860352e-01
9.119192361831665039e-01
9.053198695182800293e-01
8.985184431076049805e-01
9.131312370300292969e-01
8.777777552604675293e-01
9.090908169746398926e-01
9.092929959297180176e-01
9.178451299667358398e-01
9.088888168334960938e-01
9.178451299667358398e-01
8.871380090713500977e-01
9.078114628791809082e-01
8.952189683914184570e-01
9.136027097702026367e-01
9.031650424003601074e-01
9.111110568046569824e-01
9.154208898544311523e-01
9.004039764404296875e-01
9.146127700805664062e-01
9.101010560989379883e-01
9.035016894340515137e-01
9.090235829353332520e-01
9.090236425399780273e-01
9.111784100532531738e-01
9.063973426818847656e-01
9.119192361831665039e-01
9.037036895751953125e-01
9.217508435249328613e-01
8.981817960739135742e-01
9.193940162658691406e-01
9.277440905570983887e-01
9.246464967727661133e-01
9.128619432449340820e-01
9.189899563789367676e-01
9.010774493217468262e-01
9.186531901359558105e-01
9.226935505867004395e-01
8.959596753120422363e-01
9.091581106185913086e-01
9.066666364669799805e-01
9.110438227653503418e-01
9.165657162666320801e-01
9.131987690925598145e-01
9.058586359024047852e-01
9.159596562385559082e-01
9.098989367485046387e-01
9.200674295425415039e-01
9.131986498832702637e-01
9.187205433845520020e-01
9.139392971992492676e-01
9.133332967758178711e-01
9.048484563827514648e-01
9.251178503036499023e-01
9.187878370285034180e-01
9.079459905624389648e-01
9.088215827941894531e-01
8.925253152847290039e-01
8.829628825187683105e-01
9.070707559585571289e-01
8.839057087898254395e-01
9.056565165519714355e-01
9.220874905586242676e-01
9.160268902778625488e-01
9.105724096298217773e-01
9.084847569465637207e-01
9.022222757339477539e-01
9.222222566604614258e-01
9.146127700805664062e-01
9.176430702209472656e-01
9.190572500228881836e-01
9.076094627380371094e-01
9.020875692367553711e-01
9.154882431030273438e-01
9.115824699401855469e-01
9.159595370292663574e-01
9.169023633003234863e-01
9.160943031311035156e-01
9.202019572257995605e-01
9.204040765762329102e-01
8.946127891540527344e-01
9.163635969161987305e-01
9.147475361824035645e-01
9.055219888687133789e-01
9.229629635810852051e-01
9.142087697982788086e-01
9.063973426818847656e-01
9.044443964958190918e-01
9.111110568046569824e-01
9.107071161270141602e-01
8.977104425430297852e-01
9.061279296875000000e-01
9.047138094902038574e-01
9.102357625961303711e-01
9.058585166931152344e-01
9.145455360412597656e-01
9.094276428222656250e-01
8.969696760177612305e-01
9.103031158447265625e-01
9.218181371688842773e-01
9.166330099105834961e-01
9.122559428215026855e-01
9.187878370285034180e-01
9.034343957901000977e-01
9.257912635803222656e-01
9.185184240341186523e-01
9.164983630180358887e-01
9.146801829338073730e-01
9.024242162704467773e-01
9.223569035530090332e-01
9.158248901367187500e-01
9.114477038383483887e-01
9.117845296859741211e-01
9.099663496017456055e-01
9.246464967727661133e-01
9.104377627372741699e-01
9.247811436653137207e-01
8.997306823730468750e-01
9.165655970573425293e-01
9.030302166938781738e-01
9.189226031303405762e-01
8.917844891548156738e-01
9.154882431030273438e-01
9.113804697990417480e-01
9.037710428237915039e-01
9.041076898574829102e-01
9.105724096298217773e-01
9.103029966354370117e-01
9.235016703605651855e-01
9.159596562385559082e-01
9.211447834968566895e-01
9.176430702209472656e-01
9.298989176750183105e-01
9.145454168319702148e-01
9.057238698005676270e-01
9.199999570846557617e-01
9.068686366081237793e-01
9.131313562393188477e-01
9.031649827957153320e-01
9.156228899955749512e-01
9.245117902755737305e-01
9.195286035537719727e-01
9.013468027114868164e-01
9.136027097702026367e-01
9.138048291206359863e-01
9.172390699386596680e-01
9.096296429634094238e-01
9.226935505867004395e-01
9.097642898559570312e-01
9.105049967765808105e-01
9.070034027099609375e-01
9.039731025695800781e-01
9.145454168319702148e-01
9.224916696548461914e-01
9.194612503051757812e-01
9.184511899948120117e-01
9.105723500251770020e-01
9.189225435256958008e-01
9.211447834968566895e-01
9.012794494628906250e-01
9.150840640068054199e-01
9.149495959281921387e-01
9.096296429634094238e-01
9.107743501663208008e-01
9.122559428215026855e-01
9.144780039787292480e-01
9.212795495986938477e-01
9.259259104728698730e-01
9.218853712081909180e-01
9.204040765762329102e-01
9.171043634414672852e-01
9.232996702194213867e-01
9.077441096305847168e-01
9.111110568046569824e-01
9.073400497436523438e-01
9.133334159851074219e-01
9.150169491767883301e-01
9.177104234695434570e-01
9.183837771415710449e-01
9.208754301071166992e-01
9.105049967765808105e-01
9.168350100517272949e-01
9.167677164077758789e-01
9.280807375907897949e-01
9.047138094902038574e-01
9.049158096313476562e-01
9.199999570846557617e-01
9.043771028518676758e-01
9.263299703598022461e-01
9.117171168327331543e-01
9.119864702224731445e-01
9.173737764358520508e-01
9.274747967720031738e-01
9.206733703613281250e-01
9.238383173942565918e-01
9.163637161254882812e-01
9.180471301078796387e-01
9.122558832168579102e-01
9.147474169731140137e-01
9.115151166915893555e-01
9.206060171127319336e-01
9.277440905570983887e-01
9.080134630203247070e-01
9.075421094894409180e-01
9.059259295463562012e-01
9.268686175346374512e-01
9.301684498786926270e-01
9.142087101936340332e-01
9.155555963516235352e-01
9.212121963500976562e-01
9.109764099121093750e-01
9.232322573661804199e-01
8.963637351989746094e-01
9.170371294021606445e-01
9.144781231880187988e-01
8.986532092094421387e-01
9.208754301071166992e-01
9.177777171134948730e-01
9.191919565200805664e-01
9.107744097709655762e-01
9.142761230468750000e-01
9.090235829353332520e-01
9.244445562362670898e-01
9.253197908401489258e-01
9.257239103317260742e-01
9.158922433853149414e-01
9.251178503036499023e-01
9.154208898544311523e-01
9.121211767196655273e-01
9.139393568038940430e-01
9.250504374504089355e-01
9.154882431030273438e-01
9.248485565185546875e-01
9.306397438049316406e-01
9.271379709243774414e-01
9.288889169692993164e-01
9.253872036933898926e-01
9.305050969123840332e-01
9.052525758743286133e-01
9.195958971977233887e-01
9.065321087837219238e-01
9.097642898559570312e-01
9.212794303894042969e-01
9.204713702201843262e-01
9.148820638656616211e-01
9.216161966323852539e-01
9.166329503059387207e-01
9.235690236091613770e-01
9.119192361831665039e-01
9.185859560966491699e-01
9.185858964920043945e-01
9.191919565200805664e-01
9.197305440902709961e-01
9.202693700790405273e-01
9.215488433837890625e-01
9.034343957901000977e-01
9.146127700805664062e-01
9.191246032714843750e-01
9.250504374504089355e-01
9.311111569404602051e-01
9.182491302490234375e-01
9.214141964912414551e-01
9.262626767158508301e-01
9.051178693771362305e-01
9.274074435234069824e-01
9.197980165481567383e-01
9.122558832168579102e-01
9.230302572250366211e-01
9.230303764343261719e-01
9.247137308120727539e-01
9.199326634407043457e-01
9.240403175354003906e-01
9.293602108955383301e-01
9.259259104728698730e-01
9.150841832160949707e-01
9.228956103324890137e-01
9.187878370285034180e-01
9.221550226211547852e-01
9.231649637222290039e-01
9.139393568038940430e-01
9.092255830764770508e-01
9.188551902770996094e-01
9.151514768600463867e-01
9.215488433837890625e-01
9.010773897171020508e-01
9.189899563789367676e-01
9.219529032707214355e-01
9.224915504455566406e-01
9.159595370292663574e-01
9.241750836372375488e-01
9.259932637214660645e-01
9.265993237495422363e-01
9.303030967712402344e-01
9.209427833557128906e-01
9.165655970573425293e-01
9.194612503051757812e-01
9.220201373100280762e-01
9.190572500228881836e-01
9.146801233291625977e-01
9.063299894332885742e-01
9.284175038337707520e-01
9.140740633010864258e-01
8.958249092102050781e-01
9.301010370254516602e-01
9.097642898559570312e-01
9.092255830764770508e-01
9.290908575057983398e-01
9.259259104728698730e-01
9.259260296821594238e-01
9.253872632980346680e-01
8.917844891548156738e-01
9.214814901351928711e-01
9.315150976181030273e-01
9.213468432426452637e-01
9.121211767196655273e-01
9.224916696548461914e-01
9.258586168289184570e-01
9.164983034133911133e-01
9.208754301071166992e-01
9.069359898567199707e-01
9.195960164070129395e-01
9.303703308105468750e-01
9.243770837783813477e-01
9.196632504463195801e-01
9.288213849067687988e-01
9.259259104728698730e-01
9.237036705017089844e-01
9.247811436653137207e-01
9.173737764358520508e-01
9.274073839187622070e-01
9.268013238906860352e-01
9.325925707817077637e-01
9.274073839187622070e-01
9.234343767166137695e-01
9.207407236099243164e-01
9.115824699401855469e-01
9.185185432434082031e-01
9.146801233291625977e-01
9.252525568008422852e-01
9.224915504455566406e-01
9.208081364631652832e-01
9.280134439468383789e-01
9.060605764389038086e-01
9.287542104721069336e-01
9.218854904174804688e-01
9.184511303901672363e-01
9.319865107536315918e-01
9.123905301094055176e-01
9.217508435249328613e-01
9.223569035530090332e-01
9.227609634399414062e-01
9.154208898544311523e-01
9.194612503051757812e-01
9.223569035530090332e-01
9.333333969116210938e-01
9.218181371688842773e-01
9.164309501647949219e-01
9.282155036926269531e-01
9.272054433822631836e-01
9.253872632980346680e-01
9.282153844833374023e-01
9.278114438056945801e-01
9.176431894302368164e-01
9.288889169692993164e-01
9.152188301086425781e-01
9.227609634399414062e-01
9.293602705001831055e-01
9.267339706420898438e-01
9.294277429580688477e-01
9.274074435234069824e-01
9.273401498794555664e-01
9.210775494575500488e-01
9.140740633010864258e-01
9.337373971939086914e-01
9.287541508674621582e-01
9.216834902763366699e-01
9.235016703605651855e-01
9.137372970581054688e-01
9.396632909774780273e-01
9.288887977600097656e-01
9.183164834976196289e-01
9.231649637222290039e-01
9.336700439453125000e-01
9.282155036926269531e-01
9.111784100532531738e-01
9.309091567993164062e-01
9.243771433830261230e-01
9.263973236083984375e-01
9.272053837776184082e-01
9.313804507255554199e-01
9.189899563789367676e-01
9.314478039741516113e-01
9.166329503059387207e-01
9.291583299636840820e-01
9.265993237495422363e-01
9.243770837783813477e-01
9.321886301040649414e-01
9.265993237495422363e-01
9.302356839179992676e-01
9.131986498832702637e-01
9.294276237487792969e-01
9.319864511489868164e-01
9.074074029922485352e-01
9.257912635803222656e-01
