6.623812317848205566e-01
6.407638788223266602e-01
6.336185336112976074e-01
6.216262578964233398e-01
6.385851502418518066e-01
6.256738901138305664e-01
6.046220064163208008e-01
6.036047935485839844e-01
5.959278345108032227e-01
5.931447148323059082e-01
6.048766374588012695e-01
6.044381260871887207e-01
6.075965166091918945e-01
6.010276675224304199e-01
6.134831309318542480e-01
5.838630199432373047e-01
6.102867126464843750e-01
5.800518393516540527e-01
5.820252895355224609e-01
5.687468647956848145e-01
5.802649259567260742e-01
5.835582613945007324e-01
5.821009874343872070e-01
5.818085074424743652e-01
5.777015686035156250e-01
5.798595547676086426e-01
5.884139537811279297e-01
5.783827900886535645e-01
5.539609193801879883e-01
5.861340165138244629e-01
5.599216222763061523e-01
5.494181513786315918e-01
5.612984299659729004e-01
5.470755696296691895e-01
5.517367124557495117e-01
5.505229830741882324e-01
5.358321070671081543e-01
5.518715977668762207e-01
5.535533428192138672e-01
5.361367464065551758e-01
5.413594841957092285e-01
5.408847928047180176e-01
5.388900637626647949e-01
5.492983460426330566e-01
5.276553034782409668e-01
5.370869636535644531e-01
5.414617061614990234e-01
5.365852117538452148e-01
5.197044610977172852e-01
5.145706534385681152e-01
5.153412222862243652e-01
5.124873518943786621e-01
5.193198323249816895e-01
5.271890759468078613e-01
5.115025639533996582e-01
5.271829366683959961e-01
5.233511328697204590e-01
5.075947642326354980e-01
5.050593018531799316e-01
5.240043401718139648e-01
5.006145238876342773e-01
5.001766085624694824e-01
5.128642320632934570e-01
5.067039132118225098e-01
5.108739137649536133e-01
4.835643172264099121e-01
5.130130648612976074e-01
4.975184500217437744e-01
4.919449388980865479e-01
4.920134544372558594e-01
4.914158880710601807e-01
5.101078748703002930e-01
4.782570004463195801e-01
4.960699677467346191e-01
4.805239140987396240e-01
4.913980066776275635e-01
4.832126200199127197e-01
4.882849156856536865e-01
4.736829698085784912e-01
4.626851081848144531e-01
4.711117744445800781e-01
4.876856207847595215e-01
4.688220024108886719e-01
4.603030085563659668e-01
4.896718859672546387e-01
4.647786021232604980e-01
4.675842821598052979e-01
4.881151318550109863e-01
4.735170304775238037e-01
4.669360220432281494e-01
4.618821740150451660e-01
4.457312226295471191e-01
4.580305218696594238e-01
4.656834006309509277e-01
4.438349306583404541e-01
4.739084839820861816e-01
4.332049489021301270e-01
4.471833109855651855e-01
4.488918185234069824e-01
4.382014870643615723e-01
4.588388502597808838e-01
4.576441645622253418e-01
4.373555183410644531e-01
4.405459761619567871e-01
4.154203832149505615e-01
4.420963227748870850e-01
4.413511753082275391e-01
4.230482578277587891e-01
4.330118596553802490e-01
4.153842031955718994e-01
4.285016953945159912e-01
4.178716540336608887e-01
4.129171371459960938e-01
4.390612542629241943e-01
4.301275610923767090e-01
4.282298684120178223e-01
4.120963513851165771e-01
4.284784793853759766e-01
4.195736348628997803e-01
4.068345427513122559e-01
4.067961573600769043e-01
4.000676572322845459e-01
4.170888066291809082e-01
3.954459726810455322e-01
4.166253209114074707e-01
4.074865281581878662e-01
3.997907936573028564e-01
3.923116922378540039e-01
4.080433845520019531e-01
4.031726419925689697e-01
4.018333852291107178e-01
4.126097559928894043e-01
3.953571319580078125e-01
3.971220850944519043e-01
4.056353569030761719e-01
4.210259020328521729e-01
4.157323837280273438e-01
3.927976191043853760e-01
3.767806291580200195e-01
3.749945759773254395e-01
3.799718618392944336e-01
4.001843929290771484e-01
3.921504616737365723e-01
3.894782662391662598e-01
4.075845777988433838e-01
3.892386555671691895e-01
3.840728700160980225e-01
3.779171705245971680e-01
3.913955092430114746e-01
3.968110680580139160e-01
3.774325549602508545e-01
3.954145312309265137e-01
3.797073960304260254e-01
3.641541600227355957e-01
3.870103657245635986e-01
3.933408856391906738e-01
3.585248589515686035e-01
3.687055110931396484e-01
3.683419823646545410e-01
3.753354847431182861e-01
3.743096292018890381e-01
3.665360510349273682e-01
3.718341290950775146e-01
3.716281354427337646e-01
3.575078248977661133e-01
3.874365687370300293e-01
3.707365095615386963e-01
3.684223294258117676e-01
3.734759688377380371e-01
3.374772071838378906e-01
3.673203289508819580e-01
3.387290537357330322e-01
3.636913895606994629e-01
3.681202232837677002e-01
3.456609547138214111e-01
3.421355187892913818e-01
3.810650110244750977e-01
3.577837347984313965e-01
3.625909686088562012e-01
3.495027720928192139e-01
3.498279452323913574e-01
3.574425876140594482e-01
3.617287278175354004e-01
3.617537915706634521e-01
3.421825766563415527e-01
3.398218750953674316e-01
3.534087240695953369e-01
3.441637754440307617e-01
3.323082327842712402e-01
3.453388810157775879e-01
3.413478732109069824e-01
3.338486552238464355e-01
3.237430453300476074e-01
3.594577908515930176e-01
3.339217603206634521e-01
3.484921157360076904e-01
3.336877226829528809e-01
3.255200386047363281e-01
3.348680138587951660e-01
3.500318825244903564e-01
3.356354832649230957e-01
3.497760295867919922e-01
3.287447690963745117e-01
3.209496140480041504e-01
3.252153694629669189e-01
3.376857340335845947e-01
3.328007757663726807e-01
3.174473643302917480e-01
3.533865511417388916e-01
3.245603740215301514e-01
3.098362088203430176e-01
3.351734280586242676e-01
3.424919247627258301e-01
3.221520781517028809e-01
3.183901011943817139e-01
3.428776860237121582e-01
3.305998742580413818e-01
3.159563839435577393e-01
3.347686827182769775e-01
3.414666950702667236e-01
3.095098733901977539e-01
3.255924582481384277e-01
3.379564583301544189e-01
3.031636178493499756e-01
3.190203607082366943e-01
3.155223131179809570e-01
3.097960650920867920e-01
3.147508800029754639e-01
3.230245709419250488e-01
3.312331736087799072e-01
3.278766274452209473e-01
3.192803561687469482e-01
3.167200982570648193e-01
2.994638681411743164e-01
2.923523783683776855e-01
3.072643578052520752e-01
3.218965828418731689e-01
3.111296296119689941e-01
3.121920526027679443e-01
3.093985021114349365e-01
3.125758767127990723e-01
3.005013465881347656e-01
3.145852982997894287e-01
3.115466833114624023e-01
2.804245054721832275e-01
3.049255013465881348e-01
3.170908987522125244e-01
3.123050332069396973e-01
3.171198368072509766e-01
2.846637666225433350e-01
2.946682870388031006e-01
3.165052533149719238e-01
3.135036826133728027e-01
3.139440417289733887e-01
2.811940014362335205e-01
2.980815768241882324e-01
2.961687445640563965e-01
3.077675700187683105e-01
2.983627617359161377e-01
2.842354774475097656e-01
2.959129214286804199e-01
3.094410896301269531e-01
3.055287897586822510e-01
3.039123117923736572e-01
3.180620968341827393e-01
3.000647425651550293e-01
3.091723322868347168e-01
3.138410151004791260e-01
2.931170761585235596e-01
2.804977893829345703e-01
2.816232442855834961e-01
3.038395643234252930e-01
2.908296585083007812e-01
3.002374768257141113e-01
3.017094731330871582e-01
2.984560132026672363e-01
3.014810085296630859e-01
3.027197420597076416e-01
2.884997725486755371e-01
3.110736012458801270e-01
2.851441800594329834e-01
3.060358464717864990e-01
2.822359204292297363e-01
2.760871648788452148e-01
2.947393059730529785e-01
3.116647899150848389e-01
2.951309084892272949e-01
2.894306778907775879e-01
2.889907956123352051e-01
2.796298861503601074e-01
2.831519246101379395e-01
2.901489734649658203e-01
2.856881022453308105e-01
2.832184731960296631e-01
2.915781736373901367e-01
2.786937952041625977e-01
2.677686810493469238e-01
2.859515845775604248e-01
2.831417620182037354e-01
2.857223153114318848e-01
2.844257354736328125e-01
2.886541485786437988e-01
2.961308956146240234e-01
2.667947411537170410e-01
2.801627516746520996e-01
2.626646459102630615e-01
2.742841839790344238e-01
2.625253498554229736e-01
2.659806609153747559e-01
2.863795459270477295e-01
2.766206860542297363e-01
2.851467728614807129e-01
2.597013115882873535e-01
2.439002096652984619e-01
2.796770632266998291e-01
2.716591954231262207e-01
2.913994491100311279e-01
2.809516191482543945e-01
2.861148715019226074e-01
2.574993968009948730e-01
2.669196724891662598e-01
2.880392968654632568e-01
2.580766677856445312e-01
2.770904898643493652e-01
2.824949622154235840e-01
2.814376354217529297e-01
2.688335478305816650e-01
2.875949144363403320e-01
2.680487632751464844e-01
2.887588143348693848e-01
2.507586777210235596e-01
2.710519433021545410e-01
2.639531493186950684e-01
2.745434939861297607e-01
2.795892059803009033e-01
2.536744177341461182e-01
2.667146325111389160e-01
2.799025177955627441e-01
2.712059915065765381e-01
2.515372037887573242e-01
2.714238762855529785e-01
2.728059887886047363e-01
2.635154128074645996e-01
2.535554766654968262e-01
2.792512178421020508e-01
2.749288678169250488e-01
2.586281597614288330e-01
2.600260674953460693e-01
2.792146801948547363e-01
2.985801100730895996e-01
2.784081995487213135e-01
2.646250724792480469e-01
2.732038199901580811e-01
2.527299821376800537e-01
2.544884979724884033e-01
2.648250460624694824e-01
2.614912986755371094e-01
2.484330385923385620e-01
2.488138675689697266e-01
2.611910700798034668e-01
2.551858425140380859e-01
2.688111960887908936e-01
2.670612931251525879e-01
2.692034244537353516e-01
2.575404047966003418e-01
2.620313763618469238e-01
2.412422895431518555e-01
2.571393549442291260e-01
2.537273466587066650e-01
2.639964222908020020e-01
2.689547240734100342e-01
2.618245184421539307e-01
2.583050727844238281e-01
2.485854327678680420e-01
2.503200173377990723e-01
2.541641592979431152e-01
2.585137486457824707e-01
2.591741085052490234e-01
2.864664793014526367e-01
2.417829334735870361e-01
2.629142701625823975e-01
2.590898573398590088e-01
2.532858252525329590e-01
2.570610642433166504e-01
2.390734255313873291e-01
2.460713386535644531e-01
2.524549365043640137e-01
2.737624645233154297e-01
2.561500072479248047e-01
2.701255381107330322e-01
2.459738999605178833e-01
2.519825398921966553e-01
2.539181411266326904e-01
2.331809699535369873e-01
2.484826147556304932e-01
2.304386645555496216e-01
2.467016875743865967e-01
2.669976651668548584e-01
2.617985606193542480e-01
2.443448752164840698e-01
2.530435919761657715e-01
2.369917184114456177e-01
2.476620227098464966e-01
2.467913627624511719e-01
2.728362679481506348e-01
2.521184086799621582e-01
2.483901232481002808e-01
2.389163076877593994e-01
2.427810877561569214e-01
2.335568219423294067e-01
2.517712712287902832e-01
2.455905675888061523e-01
2.584514021873474121e-01
2.572535574436187744e-01
2.629124820232391357e-01
2.413202226161956787e-01
2.431567460298538208e-01
2.411710321903228760e-01
2.806584239006042480e-01
2.538694739341735840e-01
2.545130848884582520e-01
2.311652004718780518e-01
2.342266589403152466e-01
2.355063706636428833e-01
2.388108670711517334e-01
2.390460073947906494e-01
2.295091152191162109e-01
2.588581442832946777e-01
2.692871689796447754e-01
2.584199011325836182e-01
2.572128176689147949e-01
2.389597445726394653e-01
2.228117287158966064e-01
2.387792319059371948e-01
2.364862412214279175e-01
2.554773688316345215e-01
2.302726060152053833e-01
2.452819347381591797e-01
2.727634310722351074e-01
2.628260850906372070e-01
2.364451438188552856e-01
2.382614165544509888e-01
2.232433259487152100e-01
2.415726184844970703e-01
2.273931503295898438e-01
2.570969164371490479e-01
2.262948453426361084e-01
2.153350412845611572e-01
2.215155363082885742e-01
2.438822984695434570e-01
2.388387918472290039e-01
2.230667769908905029e-01
2.379835098981857300e-01
2.764197289943695068e-01
2.290945947170257568e-01
2.311558276414871216e-01
2.302400171756744385e-01
2.522166371345520020e-01
2.525268197059631348e-01
2.793511450290679932e-01
2.317796200513839722e-01
2.766096293926239014e-01
2.265929281711578369e-01
2.312642782926559448e-01
2.202280014753341675e-01
2.310115545988082886e-01
2.464741766452789307e-01
2.541212439537048340e-01
3.030388355255126953e-01
2.280294895172119141e-01
2.203243672847747803e-01
2.248503714799880981e-01
2.303043156862258911e-01
2.466184645891189575e-01
2.505037784576416016e-01
2.168539464473724365e-01
2.399702966213226318e-01
2.396897077560424805e-01
2.217407673597335815e-01
2.368783205747604370e-01
2.459661960601806641e-01
2.392140328884124756e-01
2.224415093660354614e-01
2.397016584873199463e-01
2.546082437038421631e-01
2.284133881330490112e-01
2.400605231523513794e-01
2.371712476015090942e-01
2.231638729572296143e-01
2.399863004684448242e-01
2.231807261705398560e-01
2.488290071487426758e-01
2.226400375366210938e-01
2.226788252592086792e-01
2.346381247043609619e-01
2.110213339328765869e-01
2.202478200197219849e-01
3.035261034965515137e-01
2.152862846851348877e-01
2.320630997419357300e-01
2.573889195919036865e-01
2.390397489070892334e-01
2.257820367813110352e-01
2.255367040634155273e-01
2.332541495561599731e-01
2.444848567247390747e-01
2.198934257030487061e-01
2.356224507093429565e-01
2.262380570173263550e-01
2.618869841098785400e-01
2.413451373577117920e-01
2.175658643245697021e-01
2.179224938154220581e-01
2.344615459442138672e-01
2.200309783220291138e-01
2.228807210922241211e-01
3.020208477973937988e-01
2.585308551788330078e-01
2.237384766340255737e-01
2.021771669387817383e-01
2.344442158937454224e-01
2.479485720396041870e-01
2.671424746513366699e-01
2.494864165782928467e-01
2.226458340883255005e-01
2.429675608873367310e-01
2.524700760841369629e-01
2.254863530397415161e-01
2.094204425811767578e-01
2.470740526914596558e-01
2.050066441297531128e-01
2.374868839979171753e-01
2.378436028957366943e-01
2.151811420917510986e-01
2.563933432102203369e-01
2.118691504001617432e-01
2.210865318775177002e-01
2.285818606615066528e-01
2.218356430530548096e-01
2.183555364608764648e-01
2.425398081541061401e-01
2.256221324205398560e-01
2.261598855257034302e-01
2.428153306245803833e-01
2.277971804141998291e-01
2.077696323394775391e-01
2.022833377122879028e-01
2.124832123517990112e-01
1.904852092266082764e-01
2.135880291461944580e-01
2.083348780870437622e-01
2.238724976778030396e-01
2.768161892890930176e-01
2.256740629673004150e-01
2.454753667116165161e-01
2.113725841045379639e-01
2.319485396146774292e-01
2.125168293714523315e-01
2.651793956756591797e-01
2.575688362121582031e-01
2.289055585861206055e-01
2.281924039125442505e-01
2.108301669359207153e-01
2.423669844865798950e-01
2.510551810264587402e-01
2.221296280622482300e-01
2.153764218091964722e-01
2.213545739650726318e-01
2.245679795742034912e-01
2.032666951417922974e-01
2.391572445631027222e-01
2.285731285810470581e-01
2.273050546646118164e-01
2.367537021636962891e-01
2.058362066745758057e-01
2.272114753723144531e-01
2.156711518764495850e-01
2.383896410465240479e-01
2.223772257566452026e-01
2.364537715911865234e-01
2.207290232181549072e-01
2.081593722105026245e-01
2.317084819078445435e-01
2.124928534030914307e-01
2.093282490968704224e-01
2.266764640808105469e-01
2.203113287687301636e-01
2.139784842729568481e-01
2.033993452787399292e-01
2.086157351732254028e-01
2.481716573238372803e-01
2.220521420240402222e-01
1.895352154970169067e-01
2.228318899869918823e-01
2.218632698059082031e-01
1.980164051055908203e-01
2.291605174541473389e-01
2.626377642154693604e-01
2.236473560333251953e-01
2.303165942430496216e-01
2.594113349914550781e-01
2.146215140819549561e-01
3.039344847202301025e-01
2.145331650972366333e-01
2.215856760740280151e-01
2.044904977083206177e-01
2.224247157573699951e-01
2.006643265485763550e-01
2.552857995033264160e-01
2.221549749374389648e-01
2.565206587314605713e-01
2.019882202148437500e-01
2.355212867259979248e-01
2.191970348358154297e-01
2.037313729524612427e-01
2.451510429382324219e-01
2.099163085222244263e-01
2.367341220378875732e-01
2.338469326496124268e-01
2.227420359849929810e-01
2.186585366725921631e-01
2.059468924999237061e-01
2.239585220813751221e-01
2.130220383405685425e-01
2.414321154356002808e-01
1.973537653684616089e-01
2.524997293949127197e-01
1.991304904222488403e-01
1.829513013362884521e-01
1.904253810644149780e-01
2.180068045854568481e-01
1.943576186895370483e-01
2.264066934585571289e-01
2.038679569959640503e-01
1.891113221645355225e-01
2.351608574390411377e-01
2.090460956096649170e-01
2.186533659696578979e-01
2.124900519847869873e-01
2.066399157047271729e-01
2.128550112247467041e-01
2.293064296245574951e-01
1.949453800916671753e-01
2.127875536680221558e-01
1.983754783868789673e-01
2.155124247074127197e-01
1.954773962497711182e-01
2.030502110719680786e-01
2.142767608165740967e-01
2.256515771150588989e-01
1.853577792644500732e-01
1.977824866771697998e-01
2.282731533050537109e-01
2.350063621997833252e-01
2.743919491767883301e-01
2.904439866542816162e-01
2.405858039855957031e-01
3.054561614990234375e-01
2.136879861354827881e-01
1.982813328504562378e-01
2.078336477279663086e-01
2.145179212093353271e-01
2.313167154788970947e-01
2.420830428600311279e-01
1.902070790529251099e-01
2.164025306701660156e-01
2.031159698963165283e-01
1.945805251598358154e-01
2.245516330003738403e-01
2.260723859071731567e-01
1.972945034503936768e-01
2.059337645769119263e-01
2.018564045429229736e-01
2.100152224302291870e-01
1.997325867414474487e-01
1.960948556661605835e-01
1.920077353715896606e-01
2.517589330673217773e-01
2.001776248216629028e-01
2.104983627796173096e-01
2.270963490009307861e-01
1.897871643304824829e-01
2.088102102279663086e-01
2.337865382432937622e-01
2.302611172199249268e-01
2.220071107149124146e-01
2.119687497615814209e-01
2.505473792552947998e-01
2.217197418212890625e-01
2.265066802501678467e-01
2.227855175733566284e-01
2.264343798160552979e-01
2.112593352794647217e-01
2.224670201539993286e-01
2.300961017608642578e-01
2.244541347026824951e-01
1.965606510639190674e-01
2.044181823730468750e-01
2.120759040117263794e-01
2.034218609333038330e-01
2.381928861141204834e-01
1.786577254533767700e-01
1.947307288646697998e-01
1.980214416980743408e-01
2.073256671428680420e-01
2.190043628215789795e-01
1.891140043735504150e-01
1.973961889743804932e-01
2.075889855623245239e-01
2.046320140361785889e-01
2.137046158313751221e-01
1.896395981311798096e-01
2.148033678531646729e-01
1.831241846084594727e-01
2.609021365642547607e-01
2.079396545886993408e-01
2.325109541416168213e-01
2.050479948520660400e-01
2.899019420146942139e-01
1.974637955427169800e-01
2.171463221311569214e-01
2.312123775482177734e-01
2.343359440565109253e-01
2.158887833356857300e-01
2.159018516540527344e-01
1.804432123899459839e-01
2.070445120334625244e-01
1.929929852485656738e-01
1.956452876329421997e-01
1.794819384813308716e-01
2.004442662000656128e-01
2.223092019557952881e-01
1.920082122087478638e-01
2.360570877790451050e-01
2.135596722364425659e-01
2.406183779239654541e-01
1.930431872606277466e-01
1.882178634405136108e-01
1.946966201066970825e-01
2.409907132387161255e-01
2.034946233034133911e-01
2.112236469984054565e-01
2.211963236331939697e-01
2.164172232151031494e-01
1.873208284378051758e-01
2.327328622341156006e-01
2.335166484117507935e-01
2.394715845584869385e-01
2.204548120498657227e-01
2.164816409349441528e-01
1.878210902214050293e-01
1.949696838855743408e-01
1.916278302669525146e-01
2.163113057613372803e-01
1.897718012332916260e-01
1.874464303255081177e-01
2.307929247617721558e-01
2.093937695026397705e-01
2.176477462053298950e-01
2.424622327089309692e-01
2.069323062896728516e-01
2.109611481428146362e-01
2.000830471515655518e-01
1.929225474596023560e-01
1.928197592496871948e-01
1.917046606540679932e-01
1.908965408802032471e-01
2.021402865648269653e-01
1.831174641847610474e-01
2.389926612377166748e-01
2.160177677869796753e-01
2.476352006196975708e-01
2.078884094953536987e-01
2.068775892257690430e-01
1.921317875385284424e-01
2.036283314228057861e-01
1.868708431720733643e-01
2.223890125751495361e-01
2.021777331829071045e-01
1.990323364734649658e-01
1.837822496891021729e-01
2.153303325176239014e-01
2.464714497327804565e-01
1.970883905887603760e-01
2.553579509258270264e-01
1.812988817691802979e-01
2.210458219051361084e-01
2.288369238376617432e-01
1.935707926750183105e-01
1.754975914955139160e-01
1.920673549175262451e-01
1.808493435382843018e-01
2.060545682907104492e-01
2.093783318996429443e-01
2.051568478345870972e-01
2.074697911739349365e-01
2.081133127212524414e-01
1.976347416639328003e-01
1.694887578487396240e-01
2.058486044406890869e-01
2.278915941715240479e-01
2.583072781562805176e-01
1.854930669069290161e-01
1.769495308399200439e-01
2.144842892885208130e-01
2.059114873409271240e-01
1.990361511707305908e-01
2.247213572263717651e-01
1.901453286409378052e-01
2.823938727378845215e-01
2.051966488361358643e-01
2.087278813123703003e-01
2.471484392881393433e-01
1.931756436824798584e-01
2.007299214601516724e-01
1.862621903419494629e-01
2.198731899261474609e-01
2.065172493457794189e-01
2.087137401103973389e-01
1.823638528585433960e-01
1.795223057270050049e-01
1.810652315616607666e-01
1.930064260959625244e-01
1.807684898376464844e-01
1.974126845598220825e-01
2.480753958225250244e-01
2.054963558912277222e-01
1.899710148572921753e-01
2.147150486707687378e-01
1.840297579765319824e-01
1.870080977678298950e-01
1.819859892129898071e-01
1.775903254747390747e-01
1.824345737695693970e-01
1.733201444149017334e-01
2.355395108461380005e-01
1.937548816204071045e-01
2.310901582241058350e-01
2.211664021015167236e-01
2.002554833889007568e-01
1.938852220773696899e-01
2.050081044435501099e-01
1.898188591003417969e-01
1.996603459119796753e-01
1.863682866096496582e-01
2.186656445264816284e-01
1.960713565349578857e-01
2.089461535215377808e-01
1.993221044540405273e-01
1.975224465131759644e-01
2.073746174573898315e-01
1.922820061445236206e-01
2.277007997035980225e-01
2.096360474824905396e-01
1.885325163602828979e-01
1.813471019268035889e-01
1.671911627054214478e-01
2.024644166231155396e-01
1.931628137826919556e-01
1.836721152067184448e-01
2.802571058273315430e-01
1.814855784177780151e-01
2.044469863176345825e-01
2.165230214595794678e-01
1.964617967605590820e-01
1.924966871738433838e-01
1.827350109815597534e-01
1.993393898010253906e-01
1.842204034328460693e-01
1.676696240901947021e-01
1.874803006649017334e-01
2.045596539974212646e-01
1.879416853189468384e-01
1.991146653890609741e-01
2.063499689102172852e-01
1.970570534467697144e-01
2.115356922149658203e-01
2.217361479997634888e-01
1.971301287412643433e-01
2.040674239397048950e-01
1.923114806413650513e-01
2.625412940979003906e-01
2.017987966537475586e-01
1.745156645774841309e-01
1.888795942068099976e-01
2.171638458967208862e-01
1.838857382535934448e-01
1.776950657367706299e-01
1.704390645027160645e-01
1.737196445465087891e-01
1.837919056415557861e-01
2.327704876661300659e-01
1.944413334131240845e-01
1.847393661737442017e-01
1.943480372428894043e-01
2.089227139949798584e-01
2.415487766265869141e-01
1.746880561113357544e-01
2.250978946685791016e-01
2.587974071502685547e-01
1.705853044986724854e-01
2.338493615388870239e-01
2.238964736461639404e-01
1.822626143693923950e-01
1.750771701335906982e-01
1.883528530597686768e-01
1.877440661191940308e-01
2.713768482208251953e-01
1.986049711704254150e-01
1.674467176198959351e-01
1.992719024419784546e-01
2.305137217044830322e-01
1.809675097465515137e-01
1.856169998645782471e-01
2.116006314754486084e-01
2.069077044725418091e-01
2.314331233501434326e-01
1.877328008413314819e-01
1.726133823394775391e-01
1.788531392812728882e-01
2.023276388645172119e-01
1.701850891113281250e-01
1.900828182697296143e-01
1.918691843748092651e-01
1.785884648561477661e-01
1.937227398157119751e-01
1.796463727951049805e-01
1.833309829235076904e-01
1.706369817256927490e-01
1.773290783166885376e-01
1.944855749607086182e-01
1.897885203361511230e-01
2.192470133304595947e-01
2.131303846836090088e-01
2.068547010421752930e-01
1.853322386741638184e-01
1.874980181455612183e-01
1.960564106702804565e-01
1.759209632873535156e-01
2.194356620311737061e-01
1.768672615289688110e-01
1.873727738857269287e-01
1.987550556659698486e-01
1.749646961688995361e-01
2.031831741333007812e-01
2.144468724727630615e-01
2.003228962421417236e-01
1.864517331123352051e-01
2.053368389606475830e-01
2.067173719406127930e-01
1.868196278810501099e-01
1.660933345556259155e-01
1.914862692356109619e-01
1.974250972270965576e-01
1.782360374927520752e-01
1.883181780576705933e-01
1.806846261024475098e-01
1.838276833295822144e-01
1.748966425657272339e-01
2.210393846035003662e-01
1.703814715147018433e-01
1.970224529504776001e-01
1.795570254325866699e-01
1.765117347240447998e-01
1.743510216474533081e-01
1.798827350139617920e-01
1.746111214160919189e-01
1.852715909481048584e-01
1.913214027881622314e-01
2.287489175796508789e-01
1.619807630777359009e-01
1.734934449195861816e-01
1.881684213876724243e-01
1.862412989139556885e-01
2.003915607929229736e-01
1.551759690046310425e-01
1.746899634599685669e-01
1.922907829284667969e-01
1.843834966421127319e-01
1.652832031250000000e-01
1.759243309497833252e-01
2.577858567237854004e-01
1.711582392454147339e-01
1.860826909542083740e-01
1.828596293926239014e-01
1.846514046192169189e-01
1.732762902975082397e-01
1.898834407329559326e-01
1.713445931673049927e-01
2.310730963945388794e-01
1.672272533178329468e-01
1.807403862476348877e-01
1.978217810392379761e-01
1.761233508586883545e-01
1.780109405517578125e-01
1.696825772523880005e-01
2.259326279163360596e-01
1.718240231275558472e-01
1.654708385467529297e-01
2.329988926649093628e-01
1.958561837673187256e-01
